MutationType	SBS96A	SBS96B	SBS96C	SBS96D	SBS96E	SBS96F	SBS96G	SBS96H	SBS96I	SBS96J
A[C>A]A	1.60E-05	3.62E-04	3.45E-04	3.39E-04	2.32E-04	3.29E-04	4.00E-04	3.98E-04	3.52E-04	3.43E-04
A[C>A]C	7.46E-06	3.01E-04	2.83E-04	2.32E-04	2.26E-04	2.82E-04	2.82E-04	3.54E-04	2.71E-04	2.87E-04
A[C>A]G	5.24E-06	8.81E-05	8.32E-05	8.71E-05	6.75E-05	1.14E-04	9.31E-05	9.83E-05	8.89E-05	1.21E-04
A[C>A]T	9.81E-06	3.39E-04	3.20E-04	2.46E-04	2.27E-04	3.53E-04	3.49E-04	3.41E-04	2.71E-04	2.76E-04
A[C>G]A	1.24E-05	2.45E-04	2.53E-04	1.86E-04	2.87E-04	2.66E-04	3.32E-04	2.23E-04	2.49E-04	2.25E-04
A[C>G]C	7.27E-06	1.50E-04	1.43E-04	1.17E-04	1.33E-04	1.47E-04	1.56E-04	1.51E-04	1.43E-04	1.36E-04
A[C>G]G	3.72E-06	1.30E-04	1.15E-04	1.11E-04	1.20E-04	2.09E-04	1.48E-04	1.46E-04	9.09E-05	1.52E-04
A[C>G]T	1.26E-05	2.56E-04	2.69E-04	1.89E-04	2.31E-04	2.56E-04	2.92E-04	2.16E-04	2.09E-04	1.84E-04
A[C>T]A	1.71E-05	3.56E-04	2.85E-04	2.73E-04	2.11E-04	2.66E-04	3.10E-04	3.70E-04	2.92E-04	3.11E-04
A[C>T]C	1.11E-05	2.00E-04	1.81E-04	1.60E-04	1.52E-04	1.63E-04	1.87E-04	2.21E-04	1.75E-04	1.76E-04
A[C>T]G	3.68E-05	4.77E-04	5.18E-04	9.49E-04	5.57E-04	5.29E-04	6.60E-04	7.88E-04	1.04E-03	9.49E-04
A[C>T]T	1.37E-05	3.64E-04	3.33E-04	2.53E-04	2.41E-04	3.45E-04	3.54E-04	3.18E-04	1.95E-04	2.34E-04
A[T>A]A	9.75E-06	3.39E-04	3.01E-04	1.67E-04	1.89E-04	2.23E-04	2.93E-04	2.95E-04	3.54E-04	2.23E-04
A[T>A]C	9.47E-06	2.03E-04	1.76E-04	1.56E-04	1.50E-04	1.69E-04	1.88E-04	1.85E-04	1.87E-04	1.79E-04
A[T>A]G	7.86E-06	2.68E-04	2.91E-04	1.71E-04	1.39E-04	1.95E-04	2.68E-04	2.26E-04	2.32E-04	2.02E-04
A[T>A]T	9.10E-06	4.05E-04	3.99E-04	3.33E-04	2.71E-04	3.21E-04	4.74E-04	3.77E-04	4.76E-04	3.13E-04
A[T>C]A	1.12E-05	3.61E-04	3.20E-04	2.86E-04	2.51E-04	2.79E-04	3.53E-04	3.51E-04	3.48E-04	3.29E-04
A[T>C]C	6.59E-06	1.87E-04	1.70E-04	1.33E-04	1.42E-04	1.79E-04	1.66E-04	1.76E-04	1.56E-04	1.55E-04
A[T>C]G	1.09E-05	2.09E-04	2.04E-04	1.52E-04	1.87E-04	1.87E-04	2.22E-04	2.11E-04	2.03E-04	2.15E-04
A[T>C]T	1.13E-05	3.34E-04	3.20E-04	2.58E-04	2.58E-04	2.94E-04	3.66E-04	3.71E-04	3.00E-04	3.11E-04
A[T>G]A	5.53E-06	1.50E-04	1.77E-04	1.39E-04	1.39E-04	1.90E-04	1.78E-04	1.77E-04	2.05E-04	1.64E-04
A[T>G]C	5.56E-06	1.09E-04	1.18E-04	7.06E-05	9.76E-05	1.43E-04	1.25E-04	1.16E-04	1.44E-04	1.34E-04
A[T>G]G	4.59E-06	1.58E-04	1.58E-04	1.15E-04	1.59E-04	1.51E-04	1.86E-04	1.34E-04	1.30E-04	1.09E-04
A[T>G]T	3.49E-06	2.04E-04	3.04E-04	1.22E-04	2.49E-04	2.26E-04	2.98E-04	2.31E-04	2.02E-04	1.83E-04
C[C>A]A	1.16E-05	2.56E-04	2.33E-04	2.20E-04	2.10E-04	3.01E-04	2.55E-04	2.77E-04	2.68E-04	2.20E-04
C[C>A]C	1.00E-05	3.33E-04	3.64E-04	2.23E-04	2.46E-04	3.32E-04	3.73E-04	3.25E-04	2.94E-04	2.16E-04
C[C>A]G	4.89E-06	8.75E-05	7.89E-05	7.47E-05	6.72E-05	1.20E-04	9.78E-05	8.92E-05	8.41E-05	1.05E-04
C[C>A]T	1.22E-05	3.36E-04	3.46E-04	2.60E-04	2.05E-04	3.87E-04	3.51E-04	3.22E-04	2.37E-04	2.02E-04
C[C>G]A	1.31E-05	2.02E-04	1.97E-04	1.57E-04	1.66E-04	1.69E-04	2.08E-04	2.00E-04	1.39E-04	1.25E-04
C[C>G]C	7.95E-06	1.58E-04	1.61E-04	1.29E-04	1.43E-04	1.48E-04	1.77E-04	1.78E-04	1.31E-04	1.05E-04
C[C>G]G	5.64E-06	1.09E-04	8.96E-05	7.93E-05	9.89E-05	1.57E-04	1.15E-04	1.16E-04	8.97E-05	1.39E-04
C[C>G]T	1.58E-05	2.86E-04	2.70E-04	2.29E-04	2.12E-04	2.69E-04	2.80E-04	2.81E-04	1.97E-04	2.10E-04
C[C>T]A	2.33E-05	3.37E-04	2.47E-04	2.59E-04	2.12E-04	2.30E-04	3.06E-04	3.30E-04	2.70E-04	3.09E-04
C[C>T]C	1.28E-05	3.61E-04	2.34E-04	2.25E-04	2.19E-04	1.58E-04	2.89E-04	3.29E-04	2.56E-04	2.85E-04
C[C>T]G	2.53E-05	3.31E-04	3.18E-04	5.91E-04	3.61E-04	3.31E-04	4.16E-04	4.96E-04	6.07E-04	5.58E-04
C[C>T]T	1.76E-05	3.20E-04	2.78E-04	2.63E-04	2.40E-04	2.96E-04	3.18E-04	3.35E-04	2.85E-04	2.94E-04
C[T>A]A	6.43E-06	2.02E-04	2.04E-04	9.45E-05	1.60E-04	1.59E-04	2.10E-04	2.32E-04	2.34E-04	1.13E-04
C[T>A]C	6.85E-06	2.08E-04	1.84E-04	1.52E-04	1.67E-04	1.68E-04	2.27E-04	2.09E-04	2.09E-04	1.70E-04
C[T>A]G	6.20E-06	1.88E-04	1.91E-04	1.35E-04	2.13E-04	1.90E-04	2.33E-04	2.27E-04	2.23E-04	1.62E-04
C[T>A]T	4.23E-06	3.19E-04	2.91E-04	2.14E-04	1.95E-04	2.40E-04	2.84E-04	2.79E-04	1.78E-04	1.79E-04
C[T>C]A	5.37E-06	1.48E-04	1.71E-04	1.31E-04	1.44E-04	1.48E-04	1.81E-04	1.55E-04	1.71E-04	1.40E-04
C[T>C]C	8.59E-06	2.68E-04	2.73E-04	2.08E-04	1.35E-04	2.42E-04	2.43E-04	2.97E-04	2.04E-04	2.03E-04
C[T>C]G	9.80E-06	1.97E-04	2.12E-04	1.33E-04	1.68E-04	2.08E-04	2.13E-04	1.91E-04	2.01E-04	2.08E-04
C[T>C]T	9.56E-06	2.27E-04	2.59E-04	2.10E-04	2.08E-04	2.01E-04	2.40E-04	3.01E-04	1.93E-04	1.57E-04
C[T>G]A	1.28E-06	1.26E-04	1.37E-04	8.64E-05	1.07E-04	1.14E-04	1.18E-04	1.31E-04	9.99E-05	7.64E-05
C[T>G]C	4.63E-06	1.17E-04	1.48E-04	8.44E-05	1.13E-04	1.38E-04	1.43E-04	1.35E-04	1.17E-04	1.23E-04
C[T>G]G	7.63E-06	1.36E-04	1.48E-04	1.30E-04	1.40E-04	1.40E-04	1.52E-04	1.56E-04	1.21E-04	1.34E-04
C[T>G]T	4.54E-06	2.64E-04	4.35E-04	2.26E-04	3.14E-04	2.50E-04	3.86E-04	3.69E-04	2.82E-04	1.91E-04
G[C>A]A	1.25E-05	2.71E-04	2.73E-04	3.09E-04	1.56E-04	2.54E-04	2.77E-04	3.13E-04	2.64E-04	3.31E-04
G[C>A]C	8.49E-06	2.66E-04	2.33E-04	1.68E-04	1.75E-04	2.15E-04	2.95E-04	2.75E-04	2.37E-04	2.26E-04
G[C>A]G	4.50E-06	6.43E-05	6.59E-05	7.57E-05	5.47E-05	6.41E-05	7.08E-05	7.09E-05	6.39E-05	1.00E-04
G[C>A]T	9.30E-06	2.42E-04	2.34E-04	2.04E-04	1.62E-04	2.01E-04	2.13E-04	2.47E-04	1.71E-04	2.30E-04
G[C>G]A	7.94E-06	1.64E-04	1.39E-04	1.07E-04	1.41E-04	1.46E-04	1.63E-04	1.65E-04	1.56E-04	1.39E-04
G[C>G]C	6.80E-06	1.72E-04	1.46E-04	1.00E-04	1.27E-04	1.46E-04	1.73E-04	1.59E-04	1.49E-04	1.28E-04
G[C>G]G	4.42E-06	6.13E-05	6.09E-05	2.90E-05	7.02E-05	8.26E-05	7.31E-05	6.13E-05	4.42E-05	8.13E-05
G[C>G]T	1.16E-05	2.12E-04	1.77E-04	1.21E-04	1.71E-04	2.21E-04	2.13E-04	1.64E-04	1.96E-04	1.39E-04
G[C>T]A	1.61E-05	2.78E-04	2.35E-04	2.24E-04	1.75E-04	1.89E-04	2.60E-04	3.07E-04	2.55E-04	2.57E-04
G[C>T]C	1.35E-05	2.56E-04	1.99E-04	1.95E-04	1.77E-04	1.57E-04	2.43E-04	2.88E-04	2.22E-04	2.39E-04
G[C>T]G	2.42E-05	3.17E-04	3.53E-04	5.58E-04	3.95E-04	4.76E-04	4.88E-04	5.06E-04	6.44E-04	5.65E-04
G[C>T]T	1.39E-05	2.49E-04	2.14E-04	2.03E-04	1.85E-04	1.95E-04	2.38E-04	2.54E-04	2.15E-04	2.36E-04
G[T>A]A	5.02E-06	1.38E-04	1.39E-04	8.60E-05	1.03E-04	1.30E-04	1.29E-04	1.38E-04	1.19E-04	1.14E-04
G[T>A]C	5.38E-06	1.50E-04	1.38E-04	1.01E-04	1.12E-04	1.10E-04	1.42E-04	1.27E-04	1.27E-04	1.33E-04
G[T>A]G	6.37E-06	1.39E-04	1.36E-04	1.06E-04	1.02E-04	1.11E-04	1.31E-04	1.32E-04	1.35E-04	1.16E-04
G[T>A]T	4.14E-06	1.71E-04	1.88E-04	1.25E-04	1.43E-04	1.71E-04	1.77E-04	2.00E-04	1.61E-04	1.78E-04
G[T>C]A	7.48E-06	1.85E-04	1.79E-04	1.53E-04	1.54E-04	1.56E-04	1.80E-04	1.77E-04	1.90E-04	1.75E-04
G[T>C]C	5.80E-06	1.52E-04	1.40E-04	1.09E-04	1.21E-04	1.33E-04	1.44E-04	1.51E-04	1.26E-04	1.28E-04
G[T>C]G	7.09E-06	1.58E-04	1.55E-04	1.21E-04	1.49E-04	1.86E-04	1.71E-04	1.62E-04	1.66E-04	1.92E-04
G[T>C]T	7.25E-06	2.38E-04	2.33E-04	1.84E-04	1.60E-04	1.71E-04	2.24E-04	2.22E-04	2.34E-04	1.97E-04
G[T>G]A	4.42E-06	1.25E-04	1.57E-04	7.30E-05	1.38E-04	1.38E-04	1.67E-04	1.11E-04	1.18E-04	8.91E-05
G[T>G]C	4.03E-06	9.12E-05	8.42E-05	5.96E-05	8.26E-05	8.70E-05	1.00E-04	8.22E-05	6.03E-05	9.60E-05
G[T>G]G	9.73E-06	1.79E-04	2.35E-04	1.01E-04	1.98E-04	2.19E-04	2.34E-04	2.28E-04	1.99E-04	2.10E-04
G[T>G]T	5.49E-06	1.39E-04	2.10E-04	1.23E-04	1.74E-04	1.83E-04	2.07E-04	1.80E-04	1.50E-04	1.44E-04
T[C>A]A	4.18E-05	4.79E-04	4.79E-04	3.90E-04	4.20E-04	3.25E-04	5.68E-04	4.45E-04	3.89E-04	4.44E-04
T[C>A]C	2.35E-05	2.27E-04	2.41E-04	2.02E-04	2.23E-04	2.21E-04	2.54E-04	2.64E-04	2.15E-04	2.55E-04
T[C>A]G	1.01E-05	7.12E-05	6.26E-05	8.21E-05	3.47E-05	6.81E-05	6.38E-05	9.39E-05	8.98E-05	8.84E-05
T[C>A]T	3.48E-05	5.27E-04	5.30E-04	4.69E-04	5.45E-04	4.27E-04	7.40E-04	5.74E-04	4.83E-04	5.16E-04
T[C>G]A	1.02E-04	5.53E-04	4.55E-04	4.65E-04	7.73E-04	2.73E-04	9.90E-04	5.93E-04	4.72E-04	6.08E-04
T[C>G]C	5.16E-05	2.95E-04	3.33E-04	3.20E-04	3.93E-04	2.92E-04	4.78E-04	3.64E-04	2.89E-04	3.49E-04
T[C>G]G	1.74E-05	8.91E-05	9.26E-05	4.70E-05	1.32E-04	1.44E-04	1.54E-04	7.08E-05	5.50E-05	1.50E-04
T[C>G]T	1.24E-04	6.91E-04	7.37E-04	7.64E-04	1.09E-03	5.48E-04	1.29E-03	8.11E-04	6.14E-04	5.73E-04
T[C>T]A	1.48E-04	6.81E-04	7.25E-04	9.14E-04	6.14E-04	7.78E-04	7.60E-04	1.18E-03	1.10E-03	8.17E-04
T[C>T]C	6.30E-05	6.32E-04	5.10E-04	4.96E-04	3.76E-04	3.32E-04	5.56E-04	6.13E-04	5.95E-04	4.61E-04
T[C>T]G	4.48E-05	2.48E-04	2.59E-04	5.47E-04	2.69E-04	3.24E-04	3.67E-04	4.50E-04	5.63E-04	5.29E-04
T[C>T]T	9.39E-05	5.85E-04	4.91E-04	6.16E-04	5.48E-04	5.20E-04	6.68E-04	7.38E-04	7.50E-04	5.23E-04
T[T>A]A	1.16E-05	3.76E-04	3.67E-04	3.95E-04	2.24E-04	2.81E-04	3.69E-04	4.37E-04	4.59E-04	3.63E-04
T[T>A]C	5.14E-06	1.93E-04	2.18E-04	1.24E-04	1.31E-04	2.06E-04	2.02E-04	1.59E-04	1.88E-04	1.36E-04
T[T>A]G	4.71E-06	1.24E-04	1.25E-04	1.00E-04	1.06E-04	1.20E-04	1.23E-04	1.43E-04	1.13E-04	1.15E-04
T[T>A]T	7.01E-06	3.34E-04	3.11E-04	2.38E-04	2.16E-04	3.51E-04	3.27E-04	2.72E-04	2.94E-04	2.07E-04
T[T>C]A	7.28E-06	2.18E-04	2.00E-04	1.68E-04	1.53E-04	1.75E-04	2.18E-04	2.01E-04	2.41E-04	1.94E-04
T[T>C]C	1.04E-05	2.48E-04	2.08E-04	2.13E-04	1.70E-04	2.39E-04	2.16E-04	2.25E-04	2.69E-04	2.16E-04
T[T>C]G	6.11E-06	1.36E-04	1.40E-04	1.18E-04	1.10E-04	1.30E-04	1.25E-04	1.60E-04	1.31E-04	1.21E-04
T[T>C]T	8.35E-06	2.31E-04	2.61E-04	1.81E-04	1.83E-04	1.92E-04	2.36E-04	2.42E-04	2.17E-04	2.03E-04
T[T>G]A	4.66E-06	1.26E-04	1.63E-04	1.07E-04	1.35E-04	1.19E-04	1.57E-04	1.45E-04	1.28E-04	9.50E-05
T[T>G]C	3.57E-06	1.11E-04	1.18E-04	8.95E-05	1.07E-04	1.44E-04	1.27E-04	1.35E-04	1.11E-04	1.31E-04
T[T>G]G	4.41E-06	1.64E-04	1.64E-04	1.16E-04	1.61E-04	1.76E-04	2.02E-04	1.52E-04	1.82E-04	1.70E-04
T[T>G]T	8.77E-06	2.24E-04	2.67E-04	1.96E-04	2.53E-04	2.78E-04	3.16E-04	2.71E-04	2.34E-04	2.45E-04
