MutationType	SBS96A	SBS96B	SBS96C	SBS96D	SBS96E	SBS96F	SBS96G	SBS96H	SBS96I	SBS96J
A[C>A]A	0.0017088282170589083	0.026139590635662898	0.0286779925795272	0.022533523247460836	0.00465283482555978	0.017042025284201373	0.017247227353334893	0.025757860680110753	0.010758745309707593	0.02178098552604206
A[C>A]C	0.00015335689622952492	0.02451670789998025	0.01614192315551918	0.011026752596430016	0.00819771575299097	0.018521297742147	0.015452282794460188	0.01812443249882199	0.018577936592162586	0.016649966081546154
A[C>A]G	0.00021987015719469129	0.0025035699096024474	0.0019085926481493517	0.0019351754043254914	0.0012076969019007375	0.005778859586454928	0.001933733570168272	0.0019090649375721113	0.0023735608437455086	0.00668678468791768
A[C>A]T	0.00042199866572991594	0.024478366530616767	0.01550261257920661	0.012435745801078155	0.008718640049360151	0.021064261455554515	0.014822339660197031	0.013707048559568648	0.008348402805946535	0.012300530748674645
A[C>G]A	0.002161446772282943	0.01063202712405473	0.01610209541337099	0.0061509397109912245	0.017218794931191952	0.023666118032298983	0.013968268453843507	0.005847736713995598	0.009745878294110298	0.005068861306972395
A[C>G]C	0.0007402324885479175	0.009383927947899792	0.007628070232944538	0.006556825275183655	0.007972487621019233	0.012214522189227865	0.008003845338613334	0.005958849683607695	0.0063830243911365435	0.005789424663043753
A[C>G]G	7.568918250075285e-05	0.002224025105498015	0.001798288148788637	0.0022299345213041876	0.002385007238754497	0.01397393625031691	0.0023685798819153376	0.002835961993700039	0.0015419190818133756	0.0016099388637498464
A[C>G]T	0.001916193371405825	0.013059373135933128	0.015266842392738908	0.0074334402398670485	0.021597151145339014	0.017138490669312886	0.01560461864573881	0.007061563470313558	0.0068294467076921135	0.005018173753807787
A[C>T]A	0.003682882122695446	0.02222611466376111	0.017730928738601506	0.024149192651733757	0.005344087402165883	0.018072305989917367	0.014305159794719658	0.025120783298509194	0.01747666133433813	0.01745206475420855
A[C>T]C	0.0014633184002013878	0.008886742355164217	0.008237933609969786	0.01046868167163484	0.012881029681302607	0.00676284083921928	0.010241926722694188	0.008483324925997295	0.005063339433939547	0.01348703731643036
A[C>T]G	0.0016753180354953656	0.007960461793502462	0.010814613964666436	0.07293773938342929	0.015258151083752938	0.01098447745664146	0.016140923604914013	0.018833898775721603	0.038248046936623724	0.0739386732596904
A[C>T]T	0.001968079848214984	0.017433684812316868	0.014886575473443372	0.016763682168442755	0.010228093283488454	0.01834446297631075	0.014508943521999851	0.01428370391727367	0.005403315528295949	0.007360671649337746
A[T>A]A	0.00105768634355627	0.011497473663155688	0.010342659811349221	0.004108451434760354	0.004981497817649597	0.004714696714507586	0.009260447332263652	0.008088009263998554	0.02111484029062558	0.006908374956488842
A[T>A]C	0.0006816789075965062	0.008325711574565502	0.008183291606488638	0.0069897106646822065	0.00664698561304067	0.00620794339911663	0.007772363246091118	0.005531833245986878	0.010301472177408868	0.014262096549384425
A[T>A]G	0.00047315271093430054	0.011229855174630756	0.011742437598324627	0.006767090184133849	0.0029417623388928392	0.011584002550864303	0.008841667518630856	0.00664639950514902	0.011050265974015929	0.01049308273277711
A[T>A]T	0.00016677905304931072	0.014664322023047134	0.013880954233160082	0.011468341297149891	0.005886349971997284	0.011662491861668841	0.013405487706768327	0.01267883264358785	0.03271309544006363	0.012014117688857368
A[T>C]A	0.0004335560572326358	0.021725091421045364	0.01718661561794579	0.013257012106943885	0.012528241746127605	0.009544966374342038	0.017157344630919398	0.02260423620045185	0.030230812013614924	0.015824085493572056
A[T>C]C	0.00026884195502225336	0.008794618747750064	0.0077387056807638145	0.007213727290920978	0.007286909575674154	0.013062742515001446	0.007066444615396903	0.006027513875015003	0.005874517070022648	0.009565066936193033
A[T>C]G	0.0007582128813955933	0.012212964493955973	0.012962437859503552	0.011210422623669728	0.01552110510924831	0.009851466026273556	0.013200534744479228	0.009618837986941799	0.013869385595433414	0.014552927541256224
A[T>C]T	0.00036974674741036397	0.01425703863062779	0.025142543553374707	0.018306178097613156	0.018426833367266228	0.01684629358886741	0.018380461120861582	0.014579894151957084	0.015563095725141465	0.019207566594704985
A[T>G]A	0.00014887794946935172	0.003476004921456923	0.006650204140489226	0.0030625303349879687	0.00350794602398509	0.008636854290034626	0.004206671294850821	0.005264214519666098	0.013873410188709386	0.0036839605878733438
A[T>G]C	0.0002521365246379901	0.0021351382796128745	0.0023818326061040233	0.000755940833181876	0.0020882024173624813	0.004470410280060605	0.0022569087172070114	0.002079857448681358	0.007570288691786118	0.0034143940497815494
A[T>G]G	0.00010480187121390827	0.005214295893543749	0.008240477153551183	0.0019076848191356248	0.009898710720357485	0.012958624568302185	0.00769447231531376	0.0025052727649504287	0.0031444003107422274	0.001024106159384587
A[T>G]T	4.8945620979694125e-05	0.0035640581091997536	0.008858397061670985	0.0024996040222464897	0.010880106810713186	0.005477591103648012	0.007125056958109439	0.006912886262696702	0.007626429986907169	0.0032318250955382234
C[C>A]A	0.0012505963635630905	0.023581843920517712	0.021254642413696276	0.016144963468424974	0.013431790763686877	0.017345096384116913	0.017891560695134104	0.015811068984330632	0.013614648842951283	0.01030356694519287
C[C>A]C	0.0008517171552230138	0.022171944307396187	0.01454754290508572	0.006568002141342731	0.009660760490445681	0.016341384022671265	0.015360030394745991	0.010646209807979508	0.008239831131185787	0.005888000791455852
C[C>A]G	0.00026993314400169764	0.00236139340155205	0.0016476232915509286	0.00222850352054229	0.0010875893479431013	0.006469720348657574	0.0018322126837080077	0.0014801553935176344	0.0020952987791533896	0.0038244293316456604
C[C>A]T	0.0007178895850483969	0.019946150581439726	0.016900577324442567	0.0149944286942482	0.004161119195488995	0.016515451212798526	0.0130744103723848	0.017354542088112795	0.007159356919856115	0.004715165878525919
C[C>G]A	0.0027433523929212243	0.009790944073756691	0.010167574777966365	0.004226584674237529	0.012875818490458187	0.013218443527119234	0.011176572409574875	0.006977779552922584	0.003031964747911168	0.0016424289563583443
C[C>G]C	0.0006767685061058728	0.009509834206532106	0.01062291863374412	0.0036833131503772164	0.007762217436218634	0.008655135892389807	0.00853682668186957	0.00677999472420197	0.0030663225554436813	0.002020928706981067
C[C>G]G	0.00038663255903520624	0.002535738222560978	0.0013708318969138417	0.0008541892402480471	0.0030687588185311938	0.008601372893365674	0.0023121316716933505	0.0030835168987762246	0.0024793179066788687	0.003104746651253464
C[C>G]T	0.0031846827561967076	0.014804766183893661	0.013975003406521865	0.008237779001356103	0.017257985484902746	0.01118583855171164	0.015900954957935035	0.010151032142573967	0.004456336130105327	0.005570417983868711
C[C>T]A	0.009279970275238157	0.01606076915608719	0.0115701437728676	0.015082348594516787	0.006667516224172348	0.009643137667968404	0.011259352890037112	0.019203851328697057	0.016088431090989615	0.024959685378242284
C[C>T]C	0.0025125375618226826	0.014422626140993088	0.008388149820892494	0.010411981108802138	0.006885292734441464	0.0029715944167693	0.009955381469218991	0.016019640176091345	0.012695590668125077	0.019402327946154402
C[C>T]G	0.004128496873658151	0.006231128055529552	0.004166129490431238	0.03851166792213917	0.01089744751426997	0.007939561751275444	0.008532989577968692	0.013410366256907651	0.017835644405102356	0.04770700506865978
C[C>T]T	0.005165174077264964	0.022110977360978723	0.013506125644508166	0.021285711951786652	0.014196404845919467	0.015513718429487199	0.0164699529253121	0.02135505533637479	0.008097046222879264	0.019403783099958674
C[T>A]A	0.00028671261829185825	0.008759795811987716	0.01157463507290231	0.001229036084393975	0.005100934460642748	0.009942782732658088	0.0069394133910812335	0.006574511270871995	0.008243570163747905	0.0016814276583318132
C[T>A]C	0.00040026138422945225	0.01281481217779219	0.013251659550878685	0.00402646262928829	0.0058380729109306344	0.013993893143953755	0.009435536985445652	0.006654719749192443	0.0063058147241790725	0.006484697179708746
C[T>A]G	0.00017018356119070019	0.0110664640252362	0.012640457566012628	0.002887295473330596	0.0070738623538345565	0.014146446339669638	0.00862441368380678	0.008961573792679702	0.007478537041335699	0.0034492132102459435
C[T>A]T	6.39379265002533e-05	0.013204170455544954	0.01882894643372856	0.008922709439677419	0.006719161806962802	0.023643211401998997	0.011039863764452549	0.00965050081766094	0.003920302596490327	0.004012284896773053
C[T>C]A	0.00012466689993743786	0.009420668997336179	0.006536828795338806	0.005935409184603486	0.009906399290077389	0.010814751527970656	0.009597952815587632	0.005144332260162628	0.007596426096220967	0.006263857256097253
C[T>C]C	0.0005376607898324437	0.010735863313791968	0.012492088509439002	0.009249519961646002	0.0022614198809314985	0.02037121879309416	0.007722241204814054	0.009847426753669425	0.008357951953487828	0.006380413449252956
C[T>C]G	0.0009720895477221348	0.008111944686448087	0.009756169245170894	0.003948909460596042	0.013040013392688706	0.008961815661779837	0.01060409217790584	0.00680696840089513	0.009599124258587836	0.00847648370902607
C[T>C]T	0.0004914530006099085	0.011354090204578825	0.017410932303289883	0.008199984411068829	0.011146495464490726	0.005948798540705132	0.011860578347928821	0.014595824927203623	0.005031418403596035	0.004508376425190363
C[T>G]A	1.0718892439176908e-05	0.003915984188110599	0.004170080863265753	0.0018687500768572209	0.004116211578861112	0.005458268599569351	0.003409424353004497	0.004745008271503536	0.0037001101997138903	0.0013927888302860084
C[T>G]C	0.0002044326381164865	0.0036662233089070416	0.007585171975544654	0.002027921033575694	0.002586647418936991	0.005599369094227956	0.003737701452060719	0.004591021347467176	0.0037557957364770145	0.00394548189775378
C[T>G]G	0.0002171843355160945	0.00685064476232219	0.007368567826692015	0.0033957913183294297	0.01263295351434499	0.008214104726906918	0.008845589454635046	0.006115794995887176	0.0036762648713047383	0.003710038310194712
C[T>G]T	6.110411147582795e-05	0.004949605417691329	0.021455126830143854	0.008418082527811788	0.008247754774522036	0.006181937172681503	0.008632651532245902	0.009402933408448007	0.00999392013216857	0.004255572212771353
G[C>A]A	0.0010976301526243334	0.010620445948516986	0.013172214375343173	0.02301922501064837	0.002824708611209644	0.023424441935494544	0.00809660711416592	0.010257868061009503	0.0069736951585659705	0.018497467811219394
G[C>A]C	0.0004673315368927433	0.017811872126443633	0.011768153775134124	0.0056786935843992975	0.0033821462089957273	0.005070285137844696	0.009456614483089652	0.013325804759078892	0.010361495569581165	0.008358836418159626
G[C>A]G	0.00023097008764830207	0.001165721734941702	0.001698829399458191	0.0026772921753727133	0.0011878077698056586	0.0014426622363380374	0.0013933880418852537	0.0016754907672238914	0.0010631401496648324	0.005363488496164791
G[C>A]T	0.00046096573511340464	0.011092212996183662	0.013430469161830843	0.014911356496624648	0.004593127103951701	0.012076314859208652	0.00878672920924156	0.010348406749311834	0.004162145378793397	0.010055608379188926
G[C>G]A	0.0008313056528568268	0.008741072103497572	0.005129772262182087	0.002843526397854987	0.006637219024938531	0.008594739959706204	0.006432082091690972	0.004710855070210527	0.005540259005876578	0.004759860218189715
G[C>G]C	0.0004764578593240003	0.008649775390222204	0.005039263480866798	0.00375745575860401	0.005298473432136234	0.005665585937321098	0.006498110289307078	0.004155603801948018	0.005565461373014841	0.004961114529394683
G[C>G]G	0.0002142682384019281	0.0014766617873010546	0.0013591951614707473	0.00014248125035688019	0.002574062709740247	0.004058293608890381	0.0016757124272704118	0.0008308107789820838	0.0006507998790977049	0.0017612404718527158
G[C>G]T	0.001474968189257197	0.010675115752383136	0.009162999563268387	0.002197254244189782	0.013631646212656051	0.014298745996900834	0.01069141837809002	0.004646453309038414	0.006718358203128446	0.0026422247348982623
G[C>T]A	0.00449882819224149	0.015173394825367722	0.01332905376562849	0.014716719776508399	0.005030402490967639	0.006444000057366793	0.010186790694375305	0.01586646637599915	0.011193124538412825	0.020423693589866163
G[C>T]C	0.002139241739176214	0.012227657214229111	0.008087600482671405	0.012216227275319397	0.007019934217751143	0.004560546405657078	0.009839917576127845	0.014041266464359069	0.007988914463902066	0.018680185389705003
G[C>T]G	0.0027633346484508365	0.0044482179831353726	0.006966235430310871	0.04288054533558898	0.01250134013602675	0.013468818945991742	0.011833384062570985	0.011950382648370578	0.02383938559774833	0.049856425961479545
G[C>T]T	0.0028999308454804125	0.014887247825972736	0.010519040615799459	0.011877231171005406	0.0097444237008458	0.009383117960183882	0.011933382902410812	0.013463133370736614	0.01062899993549218	0.01712660284154117
G[T>A]A	0.0002965940236390452	0.006496045259103994	0.005720960969653561	0.0017679303908935253	0.0037497047436918364	0.009784938294906169	0.004777397868325352	0.0036493808800850615	0.0030101726185388722	0.003156690943400463
G[T>A]C	0.00022380562719263254	0.006192040512516428	0.00674988669573213	0.0029253013899215147	0.004474966861467699	0.002911949731241294	0.005546388137998292	0.0027496279085607966	0.0037178449958456517	0.0052907593079144135
G[T>A]G	0.0004853309926838847	0.006780186383337423	0.006343133683680208	0.002960264527471736	0.004769657284428831	0.007105774334166199	0.005930116342176916	0.0032030403456927044	0.004256256518275511	0.003839226543539553
G[T>A]T	7.387878533995718e-05	0.009954520361920004	0.012498822062015393	0.00220413001741219	0.00594884607360491	0.012879098640056328	0.00787634232675191	0.008141484335035785	0.004149724483155296	0.005620910744655021
G[T>C]A	0.0003360476501802623	0.008237671758339275	0.009212900655295016	0.008346904819601647	0.008609883929602801	0.009143778259021929	0.00798378699744353	0.004480528988967763	0.011820244281960185	0.01011155724315904
G[T>C]C	0.000322060906823026	0.005812078132163151	0.0061202836655647845	0.0051246813924663	0.0041211087889532795	0.00884771608444862	0.004479101870933164	0.005538199671398615	0.006825771621777676	0.0070835804059752264
G[T>C]G	0.0004675231486762641	0.004406739079240651	0.005795085883080901	0.0035144907771285892	0.007793098694004584	0.009652970250928775	0.005747623569233548	0.003835616343488084	0.007903212596750902	0.009364547286066227
G[T>C]T	0.0002450474752927345	0.009322173337219283	0.010752035343030002	0.008183075228822417	0.005632689716538152	0.0059391685089503895	0.007879985119754565	0.008513994482701388	0.01847525761369616	0.012843449887121097
G[T>G]A	0.00013566551403437188	0.0037066587298795637	0.00553885387750779	0.0011737034388861502	0.005282853577792594	0.006011738234243239	0.0042316377656607075	0.001751230317914317	0.003464351692891796	0.0015450688658220316
G[T>G]C	0.0001789688065146038	0.0032741236631622997	0.0028525884672336017	0.0011774364694574614	0.003914047188416589	0.003107768342267925	0.003246943500776609	0.0017795672560168897	0.0007789096536877177	0.0031086010196522693
G[T>G]G	0.0011099818111979403	0.006754814748856006	0.01064798087447707	0.0009045722819791991	0.006424745854263354	0.011766004957724363	0.006030623516917465	0.006859467468651236	0.005379935658216711	0.005189008558256319
G[T>G]T	0.0002489901055732956	0.004074753576544367	0.010340630205231719	0.0039607546558254395	0.0055755765205394705	0.00833642238099128	0.005114503857483214	0.00613116562473806	0.005472215677515464	0.004435851528147497
T[C>A]A	0.027316653158515693	0.024242055991833412	0.012755899552127099	0.029986222172155977	0.015170199177212034	0.006108753639039598	0.02174490973551292	0.01954690487938933	0.01734904728050276	0.019618221274402617
T[C>A]C	0.010391442876309156	0.016505061271367593	0.012659029350668725	0.018761943629942834	0.021112937189638616	0.010138927976966557	0.018186582594178616	0.01358010863227537	0.01052350326248369	0.016668717339867727
T[C>A]G	0.0017081458671018481	0.0015528855433485707	0.0015188432335193336	0.003022637082446522	0.0005169231632175979	0.0019421709370508336	0.00114496767302262	0.0036903826926863986	0.0038678920684033073	0.003170993681833352
T[C>A]T	0.014340269736945629	0.021236877282141887	0.024577758305706084	0.04141422009712551	0.02025356413691771	0.009141868955405934	0.025450055481796057	0.02419122291086887	0.0194815364079614	0.012226712057483666
T[C>G]A	0.15345008942484856	0.007940140401632134	0.006361298613506746	0.005800920729908372	0.09010213533043862	0.00254934569111127	0.039159930517853665	0.006591892589291471	0.0071056471932395525	0.01235414625001471
T[C>G]C	0.03150694810599089	0.008014214270386318	0.011971558672137629	0.012042699989047832	0.04472881504148245	0.010354790726967626	0.0243300786386244	0.009299099739288339	0.005630117820022861	0.01245042541119983
T[C>G]G	0.0051838448802009225	0.0010044470465681475	0.0010914708129404005	0.0003770165282403468	0.006205565461048991	0.00531451500205003	0.002600565092865736	0.0007997818256990285	0.0003956803994369693	0.003125342977116134
T[C>G]T	0.1905557201206684	0.015806327188365527	0.01770859720602171	0.01694331173125056	0.14014747355878354	0.011084390963199431	0.06692569380334498	0.018486890151334395	0.012086937073606918	0.00929548462135227
T[C>T]A	0.2676963546872139	0.01141244370581861	0.014255120875688821	0.024630346931174975	0.005969621369914231	0.018701758217580064	0.009539465596317874	0.054916413289494814	0.05090368928067925	0.020022762490455728
T[C>T]C	0.05313897958397865	0.016320530332404628	0.013698467707262785	0.028230246990686284	0.009152448917653589	0.006135856122149297	0.013228918752821983	0.043690161107107994	0.02416687348287087	0.01842903614413866
T[C>T]G	0.02828788169845939	0.002993384237828525	0.003109064209615029	0.030786383923608808	0.005123724915210233	0.00610309183111386	0.00568784129092824	0.010311978859480535	0.026496609209803866	0.039237407397478816
T[C>T]T	0.13578558775782584	0.018330845336097332	0.011495694887511117	0.03460838120302651	0.013140058754758766	0.015852220603730857	0.015860358833274486	0.048373701890930536	0.03073595391112402	0.011790206790967855
T[T>A]A	0.00034614359005627195	0.012251169942872366	0.011549410385403941	0.016206241026578937	0.005981842109444535	0.006078491249787508	0.010679348500914941	0.01699728166714234	0.03345746341207996	0.011469002326957706
T[T>A]C	0.0001798701413545132	0.010339515970321372	0.008833632124151336	0.003954526912653819	0.0038797444899391848	0.00578936621941866	0.007883079576160527	0.004770211343381813	0.0070966406367952	0.004139586137396691
T[T>A]G	0.00019187748624653977	0.0060858520301408136	0.006342393262661062	0.0040011719232134054	0.004194345849253296	0.007122929969918914	0.005042292471422115	0.0047745208069827644	0.0039007561090402304	0.004866855841566576
T[T>A]T	0.00016359713485735572	0.019376375433348584	0.014334334663115442	0.008202408683571772	0.007432880815826498	0.02469599822978489	0.013618490624357946	0.012596411360456842	0.01613671898006578	0.00577192702232436
T[T>C]A	0.00026901407212108095	0.009459666302180647	0.011428689632681198	0.010330053287802649	0.005418707790733606	0.007952121737497481	0.008987122424136032	0.007511553059954868	0.017045048362226225	0.008029225483769551
T[T>C]C	0.0005773521273949882	0.00779375931249524	0.005662168739620688	0.00830529157721321	0.007216319367715187	0.014758010323392228	0.007449361195887523	0.00526743664898682	0.016568135405621433	0.008507480949425371
T[T>C]G	0.00033645350979526553	0.0061248155676345475	0.005955409121701714	0.005742436010415077	0.003907293224281602	0.005669602052395931	0.0049045194223872384	0.007926135280344169	0.0053637270001927395	0.004721137940781773
T[T>C]T	0.00040796404241700657	0.009356401145691052	0.014903307778760791	0.013343112957896665	0.006684133462797035	0.01039994199993089	0.008819057498750007	0.013308776255231351	0.013761322631151415	0.012192945159273222
T[T>G]A	0.00015496249975299747	0.004915311425225809	0.008200001132077887	0.0039684734703914724	0.0064180953132163265	0.007159582054358907	0.005677302579995739	0.005561700595259026	0.005289569624030264	0.0017930237855907762
T[T>G]C	8.52074964188887e-05	0.00456384128073114	0.004348658588947728	0.0028634273379988143	0.0035295815945960724	0.007532442648778669	0.004025316021873335	0.005315915584986215	0.0034206587769731425	0.0035670795058031215
T[T>G]G	8.796445886525622e-05	0.0072972234068947725	0.009467341883806511	0.0035965642836745244	0.007828577061096438	0.012343672818504275	0.007883123808715026	0.0040941629065482255	0.006784232014739246	0.005860323682829403
T[T>G]T	0.0004987584092086764	0.010176102703146176	0.01634090704546543	0.009213034232030622	0.012283567603793927	0.016836528331507	0.01178548290260369	0.010665664286997358	0.012291250723879784	0.012188110335031524
