NMF_Replicate	L1	L1 %	L2	L2 %	KL Divergence	Correlation	Convergence Iterations
1	688.055	14.363	97.274	14.508	0.022	0.97	90000.0
2	675.033	14.249	96.324	14.354	0.022	0.97	30000.0
3	683.118	14.061	95.376	13.964	0.021	0.972	90000.0
4	682.538	14.207	95.335	14.262	0.022	0.97	100000.0
5	671.5	13.997	94.837	13.994	0.021	0.971	80000.0
6	705.932	14.922	100.631	14.886	0.023	0.968	80000.0
7	694.006	14.398	99.236	14.409	0.022	0.97	80000.0
8	662.066	13.965	94.374	14.027	0.022	0.971	120000.0
9	674.047	14.184	93.979	14.117	0.021	0.971	40000.0
10	664.849	14.129	94.293	14.163	0.022	0.971	50000.0
11	683.633	14.155	97.288	14.146	0.022	0.971	40000.0
12	659.96	13.835	92.554	13.608	0.021	0.973	130000.0
13	667.845	14.001	93.295	13.901	0.021	0.972	70000.0
14	665.383	13.89	92.712	13.757	0.021	0.972	100000.0
15	695.099	14.71	96.111	14.432	0.024	0.969	50000.0
16	684.886	14.654	97.623	14.839	0.023	0.968	120000.0
17	670.706	14.149	94.056	14.098	0.022	0.971	80000.0
18	695.139	14.637	99.661	14.366	0.022	0.97	60000.0
19	670.953	14.29	93.226	14.299	0.022	0.969	50000.0
20	688.335	14.235	98.686	14.139	0.021	0.972	60000.0
21	689.804	14.387	98.53	14.349	0.022	0.971	60000.0
22	671.539	14.188	96.252	14.186	0.021	0.971	90000.0
23	665.094	13.709	93.411	13.609	0.02	0.973	80000.0
24	673.271	14.274	92.509	13.977	0.022	0.971	100000.0
25	673.25	14.173	94.681	14.184	0.022	0.97	70000.0
26	675.201	14.282	95.057	14.226	0.022	0.97	60000.0
27	661.706	13.915	92.348	13.738	0.021	0.972	50000.0
28	642.924	13.611	90.653	13.381	0.021	0.974	90000.0
29	659.652	13.847	93.393	13.759	0.021	0.973	70000.0
30	664.188	14.087	93.165	13.962	0.022	0.972	100000.0
31	686.403	14.006	97.039	14.008	0.02	0.971	110000.0
32	692.03	14.38	96.573	14.268	0.022	0.97	70000.0
33	669.035	14.265	95.535	14.319	0.022	0.969	50000.0
34	680.938	14.611	95.025	14.251	0.024	0.971	80000.0
35	676.22	14.205	94.521	14.166	0.022	0.971	50000.0
36	676.136	14.172	98.817	14.149	0.022	0.97	50000.0
37	696.901	14.346	100.079	14.57	0.022	0.969	60000.0
38	655.201	13.677	92.09	13.508	0.021	0.974	50000.0
39	676.184	14.24	95.73	14.229	0.022	0.97	60000.0
40	688.27	14.366	96.468	14.372	0.022	0.969	120000.0
41	659.489	13.852	93.367	13.932	0.021	0.972	50000.0
42	686.565	14.468	96.174	14.293	0.022	0.97	120000.0
43	683.098	13.894	96.067	13.874	0.021	0.971	70000.0
44	667.083	14.279	94.602	14.488	0.022	0.968	60000.0
45	669.509	13.833	94.618	13.862	0.021	0.972	130000.0
46	673.93	14.511	96.321	14.69	0.023	0.969	100000.0
47	703.696	14.859	98.771	14.994	0.023	0.967	100000.0
48	705.602	14.659	99.835	14.731	0.023	0.968	30000.0
49	674.728	14.335	95.822	14.27	0.023	0.969	90000.0
50	664.033	14.012	93.73	14.043	0.022	0.97	90000.0
51	652.111	14.028	92.027	13.915	0.022	0.971	200000.0
52	664.251	13.936	94.258	14.053	0.021	0.972	100000.0
53	690.83	14.449	97.313	14.406	0.022	0.969	60000.0
54	699.599	14.604	100.859	14.624	0.022	0.97	60000.0
55	697.149	14.746	103.387	15.161	0.022	0.967	70000.0
56	662.003	13.953	94.063	14.011	0.021	0.971	50000.0
57	688.909	14.536	97.35	14.435	0.022	0.97	110000.0
58	685.948	14.372	95.191	14.434	0.022	0.968	80000.0
59	676.133	14.285	97.295	14.411	0.022	0.97	90000.0
60	687.211	14.199	96.844	13.947	0.021	0.971	100000.0
61	669.017	14.106	94.55	14.053	0.022	0.97	60000.0
62	684.859	14.073	97.362	14.238	0.021	0.97	70000.0
63	686.961	14.279	97.849	14.386	0.022	0.969	70000.0
64	670.528	14.182	94.907	14.166	0.021	0.971	130000.0
65	680.684	14.459	99.106	14.615	0.023	0.969	90000.0
66	693.821	15.038	100.188	15.251	0.024	0.966	100000.0
67	677.309	14.251	96.592	14.353	0.022	0.97	50000.0
68	679.763	14.499	97.219	14.511	0.023	0.97	90000.0
69	673.299	14.189	93.631	14.053	0.022	0.97	110000.0
70	693.793	14.364	97.125	14.389	0.022	0.97	110000.0
71	693.111	14.568	98.373	14.563	0.023	0.969	50000.0
72	682.015	14.262	97.321	14.434	0.022	0.97	40000.0
73	687.449	14.194	96.052	13.978	0.021	0.972	90000.0
74	689.419	14.531	95.75	14.241	0.022	0.97	80000.0
75	684.344	14.399	100.207	14.54	0.023	0.97	170000.0
76	661.207	14.347	95.924	14.666	0.022	0.968	70000.0
77	663.957	14.024	93.044	13.901	0.022	0.972	130000.0
78	661.705	13.954	93.647	13.945	0.021	0.971	70000.0
79	675.825	14.212	95.048	14.106	0.023	0.971	90000.0
80	671.145	13.932	96.877	14.03	0.021	0.972	70000.0
81	690.653	14.48	97.359	14.363	0.022	0.969	50000.0
82	670.658	13.945	97.337	14.121	0.021	0.971	170000.0
83	679.294	14.345	96.717	14.451	0.022	0.969	70000.0
84	672.957	14.086	96.422	14.09	0.021	0.972	60000.0
85	687.836	14.061	97.083	14.104	0.021	0.971	60000.0
86	687.505	14.545	98.131	14.473	0.023	0.969	70000.0
87	679.536	14.141	96.1	14.194	0.021	0.97	60000.0
88	679.702	14.484	93.718	14.169	0.022	0.97	80000.0
89	678.009	14.41	94.705	14.075	0.022	0.971	70000.0
90	673.358	14.506	94.445	14.455	0.023	0.968	150000.0
91	670.174	13.945	94.239	13.987	0.021	0.971	90000.0
92	700.789	14.351	97.775	14.311	0.022	0.97	110000.0
93	696.286	14.359	98.017	14.064	0.021	0.972	50000.0
94	669.767	13.999	94.134	13.845	0.021	0.972	100000.0
95	672.529	13.814	95.327	13.875	0.02	0.972	50000.0
96	678.675	14.051	96.363	13.939	0.021	0.972	50000.0
97	670.347	14.234	94.23	14.365	0.022	0.969	60000.0
98	692.577	14.535	96.725	14.276	0.023	0.97	150000.0
99	681.197	14.174	97.953	14.296	0.022	0.97	60000.0
100	660.333	14.068	95.418	14.177	0.021	0.971	50000.0
101	674.014	14.206	94.668	14.063	0.022	0.971	70000.0
102	667.195	13.857	94.357	13.739	0.021	0.973	120000.0
103	696.539	14.58	98.459	14.554	0.023	0.969	80000.0
104	685.101	14.544	96.724	14.357	0.023	0.969	120000.0
105	681.998	14.49	94.441	14.164	0.023	0.97	120000.0
106	664.824	14.206	93.197	14.029	0.022	0.971	40000.0
107	671.277	14.196	96.309	14.222	0.022	0.97	110000.0
108	658.584	13.812	93.726	13.652	0.021	0.974	80000.0
109	700.094	14.833	101.476	15.017	0.023	0.966	230000.0
110	705.471	14.528	99.621	14.613	0.022	0.968	60000.0
111	683.41	14.508	96.251	14.414	0.022	0.969	140000.0
112	671.815	14.084	95.02	13.977	0.021	0.971	60000.0
113	667.198	13.854	96.077	14.015	0.02	0.972	100000.0
114	696.223	14.613	98.802	14.466	0.023	0.97	60000.0
115	665.087	14.2	94.588	14.037	0.021	0.971	70000.0
116	674.267	14.143	95.546	14.149	0.021	0.97	110000.0
117	684.336	14.391	98.343	14.381	0.022	0.97	70000.0
118	684.632	14.315	96.031	14.209	0.022	0.97	90000.0
119	670.122	14.171	96.283	14.152	0.021	0.971	50000.0
120	702.739	14.528	102.082	14.638	0.022	0.97	200000.0
121	690.9	14.595	96.755	14.417	0.022	0.97	60000.0
122	679.42	14.408	98.071	14.449	0.022	0.968	80000.0
123	669.671	13.818	95.161	13.717	0.02	0.973	70000.0
124	695.605	14.76	96.097	14.467	0.024	0.969	100000.0
125	641.91	13.72	89.076	13.721	0.021	0.972	90000.0
126	672.357	14.195	94.398	14.024	0.022	0.971	90000.0
127	671.124	13.881	94.792	13.919	0.021	0.972	90000.0
128	668.44	14.092	93.286	14.012	0.022	0.971	60000.0
129	672.059	14.352	96.028	14.17	0.022	0.971	70000.0
130	690.929	14.752	96.861	14.542	0.024	0.97	60000.0
131	671.624	13.85	93.394	13.933	0.021	0.972	90000.0
132	680.234	14.521	96.104	14.599	0.023	0.968	50000.0
133	702.612	14.53	98.466	14.361	0.022	0.971	50000.0
134	656.109	14.255	92.794	14.111	0.023	0.97	120000.0
135	671.888	14.151	96.387	14.278	0.022	0.97	80000.0
136	692.028	14.522	98.735	14.417	0.023	0.97	40000.0
137	681.726	14.29	95.099	14.184	0.022	0.97	60000.0
138	688.568	14.469	96.548	14.446	0.023	0.969	90000.0
139	675.114	13.909	94.821	13.746	0.021	0.972	50000.0
140	658.499	13.794	92.552	13.8	0.022	0.972	60000.0
141	695.393	14.614	97.5	14.507	0.022	0.969	60000.0
142	686.595	14.275	95.218	14.179	0.022	0.97	100000.0
143	661.911	14.096	92.44	13.781	0.022	0.972	30000.0
144	706.801	14.466	100.347	14.557	0.022	0.969	30000.0
145	694.887	14.809	99.62	14.736	0.023	0.969	50000.0
146	661.638	14.025	92.449	13.837	0.022	0.972	90000.0
147	691.824	14.472	100.42	14.501	0.022	0.97	110000.0
148	663.516	14.122	93.236	14.185	0.022	0.97	50000.0
149	686.967	14.443	97.593	14.366	0.022	0.97	100000.0
150	682.966	14.415	97.021	14.409	0.022	0.97	100000.0
151	699.063	14.58	100.728	14.648	0.023	0.97	50000.0
152	682.594	14.52	97.17	14.58	0.023	0.969	90000.0
153	683.825	14.439	96.8	14.525	0.023	0.969	110000.0
154	690.147	14.054	97.257	14.112	0.02	0.971	50000.0
155	670.432	13.833	94.59	13.758	0.02	0.971	70000.0
156	661.211	14.046	92.79	14.035	0.021	0.97	110000.0
157	672.43	14.079	95.387	13.994	0.021	0.971	70000.0
158	652.732	13.95	92.743	13.866	0.022	0.972	60000.0
159	657.637	14.081	93.272	14.142	0.022	0.97	90000.0
160	690.728	14.48	97.794	14.399	0.022	0.969	100000.0
161	673.658	14.374	97.758	14.526	0.023	0.969	70000.0
162	666.713	13.818	94.877	14.047	0.021	0.97	70000.0
163	674.163	14.23	94.534	14.028	0.022	0.971	70000.0
164	678.635	14.197	95.58	14.181	0.022	0.97	80000.0
165	691.128	14.463	96.384	14.354	0.022	0.969	80000.0
166	685.42	14.265	98.343	14.476	0.022	0.969	80000.0
167	687.117	14.205	97.357	14.208	0.021	0.971	70000.0
168	673.379	13.986	94.856	13.96	0.022	0.971	70000.0
169	671.693	13.732	94.162	13.794	0.02	0.972	70000.0
170	697.32	14.677	98.288	14.389	0.022	0.97	40000.0
171	688.787	14.56	98.992	14.677	0.023	0.969	60000.0
172	685.526	14.553	96.0	14.566	0.023	0.969	70000.0
173	659.473	14.131	92.149	14.045	0.022	0.97	100000.0
174	686.466	14.425	97.788	14.382	0.022	0.97	80000.0
175	676.21	14.382	96.797	14.552	0.022	0.969	140000.0
176	676.232	14.231	95.941	14.205	0.021	0.97	90000.0
177	655.444	13.886	91.936	13.702	0.021	0.972	100000.0
178	695.696	14.621	97.445	14.475	0.022	0.97	60000.0
179	683.756	14.212	97.053	14.103	0.022	0.97	160000.0
180	697.551	14.494	96.535	14.23	0.022	0.971	50000.0
181	682.015	14.434	96.952	14.488	0.022	0.969	100000.0
182	665.848	13.957	96.8	13.984	0.02	0.972	170000.0
183	683.676	14.331	99.581	14.489	0.022	0.97	60000.0
184	685.247	14.474	98.168	14.669	0.023	0.969	100000.0
185	691.062	14.613	99.039	14.656	0.023	0.969	80000.0
186	672.877	14.251	95.323	14.297	0.022	0.97	70000.0
187	692.69	14.436	97.067	14.332	0.023	0.97	40000.0
188	673.239	14.122	96.533	14.33	0.021	0.969	60000.0
189	676.568	14.294	95.753	14.236	0.022	0.971	90000.0
190	681.781	14.203	97.032	14.302	0.022	0.971	70000.0
191	691.443	14.604	98.632	14.764	0.023	0.968	110000.0
192	661.638	13.807	93.536	13.692	0.021	0.972	40000.0
193	663.221	14.316	92.933	14.11	0.022	0.971	70000.0
194	676.139	13.803	95.179	13.824	0.021	0.972	100000.0
195	672.179	14.649	93.786	14.477	0.023	0.968	60000.0
196	684.287	14.26	96.03	14.199	0.022	0.969	50000.0
197	687.241	14.479	97.053	14.539	0.022	0.969	120000.0
198	679.001	14.137	94.488	14.033	0.021	0.971	80000.0
199	679.718	14.314	96.108	14.15	0.022	0.971	40000.0
200	660.311	14.171	94.179	14.289	0.022	0.969	80000.0
201	691.514	14.664	102.142	14.728	0.023	0.969	80000.0
202	678.299	14.66	94.687	14.647	0.024	0.968	100000.0
203	668.341	13.901	92.944	13.588	0.022	0.973	110000.0
204	710.657	14.715	99.912	14.682	0.023	0.969	80000.0
205	669.854	14.392	94.39	14.27	0.023	0.97	90000.0
206	674.954	14.186	94.965	14.121	0.022	0.97	140000.0
207	691.755	14.688	100.604	14.717	0.023	0.97	40000.0
208	689.177	14.115	98.37	14.396	0.021	0.969	100000.0
209	689.947	14.801	98.242	14.821	0.024	0.966	100000.0
210	662.095	13.863	92.989	13.869	0.022	0.971	100000.0
211	657.526	14.045	93.622	14.017	0.021	0.971	40000.0
212	690.518	14.556	97.545	14.545	0.023	0.969	160000.0
213	689.423	14.554	96.935	14.364	0.022	0.97	70000.0
214	682.29	14.405	95.228	14.207	0.023	0.97	140000.0
215	667.02	13.998	94.115	13.944	0.022	0.971	50000.0
216	706.386	14.865	101.956	15.028	0.023	0.967	60000.0
217	696.904	14.579	99.687	14.682	0.022	0.969	90000.0
218	679.732	14.132	95.249	14.127	0.021	0.971	50000.0
219	665.896	13.814	94.402	14.104	0.021	0.97	50000.0
220	685.742	14.459	96.08	14.416	0.023	0.97	100000.0
221	677.988	14.176	96.565	14.206	0.022	0.971	140000.0
222	676.489	14.171	97.121	14.222	0.022	0.971	110000.0
223	667.314	14.027	96.5	14.221	0.022	0.97	90000.0
224	678.854	13.985	93.547	13.69	0.021	0.973	70000.0
225	680.93	14.027	97.235	14.109	0.021	0.971	80000.0
226	676.796	14.15	94.88	14.176	0.022	0.969	40000.0
227	668.191	13.89	93.943	14.017	0.02	0.97	80000.0
228	686.558	14.241	96.276	14.126	0.021	0.971	110000.0
229	660.741	13.573	92.764	13.507	0.02	0.974	80000.0
230	688.633	14.625	97.502	14.705	0.023	0.969	130000.0
231	677.653	14.467	97.303	14.752	0.023	0.967	230000.0
232	672.272	14.348	95.928	14.387	0.022	0.969	80000.0
233	670.717	14.217	94.526	14.051	0.022	0.971	70000.0
234	684.607	14.055	98.571	14.267	0.02	0.971	130000.0
235	699.725	14.378	98.59	14.522	0.022	0.969	60000.0
236	680.276	14.382	98.392	14.596	0.023	0.97	60000.0
237	646.299	13.73	90.537	13.689	0.021	0.972	60000.0
238	696.241	14.807	97.082	14.67	0.024	0.969	40000.0
239	677.244	14.175	95.22	14.274	0.022	0.969	50000.0
240	690.524	14.278	96.566	14.153	0.021	0.971	40000.0
241	668.014	14.117	94.225	14.018	0.021	0.971	80000.0
242	654.134	14.055	93.92	14.252	0.022	0.971	60000.0
243	671.499	14.388	94.031	14.298	0.023	0.97	130000.0
244	663.457	14.299	93.687	14.074	0.023	0.972	200000.0
245	689.935	14.252	97.345	14.273	0.022	0.97	100000.0
246	670.067	14.291	94.736	14.159	0.022	0.97	60000.0
247	665.939	14.042	93.226	13.84	0.022	0.972	60000.0
248	685.77	14.218	98.428	14.151	0.021	0.971	70000.0
249	666.252	14.105	97.602	14.364	0.021	0.97	160000.0
250	666.112	14.109	95.006	14.115	0.022	0.971	130000.0
251	683.042	14.83	97.628	14.801	0.024	0.968	140000.0
252	676.947	14.025	95.9	13.967	0.021	0.971	90000.0
253	690.782	14.263	97.853	14.307	0.022	0.97	120000.0
254	666.422	14.207	94.71	14.328	0.022	0.97	50000.0
255	679.528	14.09	93.776	13.883	0.022	0.971	120000.0
256	682.054	14.303	96.132	14.283	0.022	0.97	50000.0
257	668.374	14.172	94.211	14.112	0.022	0.97	110000.0
258	657.742	13.858	93.644	13.985	0.021	0.972	60000.0
259	688.174	14.644	98.804	14.808	0.023	0.968	60000.0
260	668.45	14.02	95.381	14.127	0.021	0.971	160000.0
261	678.962	14.403	95.279	14.313	0.022	0.97	80000.0
262	690.597	14.456	98.449	14.371	0.022	0.97	30000.0
263	671.711	14.058	95.343	14.105	0.022	0.971	80000.0
264	676.377	14.411	96.533	14.712	0.022	0.967	90000.0
265	680.79	14.226	95.763	14.091	0.022	0.971	90000.0
266	662.172	14.165	94.479	14.246	0.022	0.97	90000.0
267	673.795	14.105	96.167	14.203	0.021	0.971	130000.0
268	673.416	14.205	94.171	14.189	0.022	0.97	60000.0
269	693.147	14.284	97.461	14.22	0.022	0.969	150000.0
270	680.59	14.274	97.904	14.247	0.021	0.971	130000.0
271	670.144	14.067	94.931	14.029	0.022	0.971	70000.0
272	668.12	14.382	92.808	14.138	0.023	0.97	60000.0
273	688.396	14.266	96.96	14.385	0.022	0.969	60000.0
274	673.979	14.096	96.059	13.906	0.022	0.973	120000.0
275	686.395	14.28	96.164	14.155	0.021	0.972	100000.0
276	675.137	13.941	96.523	14.075	0.021	0.972	100000.0
277	673.526	14.015	94.763	13.879	0.021	0.972	50000.0
278	664.658	14.03	94.452	13.962	0.022	0.972	80000.0
279	673.32	14.344	94.148	14.121	0.022	0.971	90000.0
280	673.781	14.541	95.67	14.733	0.023	0.967	90000.0
281	688.898	14.298	97.893	14.398	0.021	0.97	70000.0
282	681.11	14.35	95.144	14.368	0.022	0.969	110000.0
283	664.505	13.969	95.05	14.037	0.022	0.971	70000.0
284	683.02	14.248	97.846	14.397	0.022	0.97	50000.0
285	681.561	14.597	96.307	14.553	0.022	0.969	80000.0
286	688.775	14.436	100.08	14.545	0.022	0.968	50000.0
287	678.538	13.929	94.588	13.778	0.021	0.972	50000.0
288	693.623	14.303	97.201	14.161	0.022	0.971	40000.0
289	677.656	14.559	96.474	14.642	0.023	0.969	70000.0
290	674.206	14.325	97.104	14.295	0.023	0.97	90000.0
291	657.946	14.022	96.175	14.295	0.022	0.971	70000.0
292	676.353	14.053	97.098	13.977	0.021	0.972	110000.0
293	677.106	14.306	96.238	14.252	0.021	0.97	80000.0
294	654.838	13.757	90.998	13.773	0.021	0.971	80000.0
295	700.01	14.441	99.985	14.701	0.022	0.969	70000.0
296	694.063	14.595	99.135	14.647	0.022	0.969	60000.0
297	675.323	14.39	94.275	14.209	0.023	0.97	120000.0
298	690.255	14.563	95.857	14.323	0.022	0.97	40000.0
299	684.585	14.4	99.495	14.426	0.022	0.971	70000.0
300	682.837	14.601	96.584	14.649	0.023	0.968	60000.0
301	674.797	14.378	94.726	14.391	0.023	0.968	70000.0
302	682.768	14.553	96.431	14.774	0.023	0.967	70000.0
303	678.024	14.209	96.656	14.453	0.021	0.969	150000.0
304	700.373	14.655	96.826	14.357	0.023	0.97	70000.0
305	677.45	14.342	96.511	14.137	0.023	0.971	70000.0
306	693.446	14.639	97.828	14.561	0.023	0.97	100000.0
307	676.961	14.839	99.25	14.876	0.024	0.969	80000.0
308	681.312	14.308	95.598	14.218	0.022	0.97	60000.0
309	691.847	14.665	98.679	14.837	0.024	0.967	110000.0
310	694.589	14.661	98.551	14.432	0.023	0.97	100000.0
311	642.819	13.765	91.543	13.976	0.021	0.971	70000.0
312	680.739	14.156	95.14	14.148	0.022	0.97	70000.0
313	696.503	14.389	100.667	14.533	0.022	0.969	80000.0
314	660.219	14.068	93.685	13.963	0.022	0.972	80000.0
315	685.613	14.385	96.012	14.388	0.022	0.97	60000.0
316	683.824	14.531	96.774	14.651	0.023	0.968	60000.0
317	686.875	14.292	96.655	14.453	0.022	0.969	50000.0
318	686.784	14.444	96.339	14.261	0.022	0.971	70000.0
319	683.833	14.516	97.044	14.373	0.023	0.97	60000.0
320	680.795	14.265	94.827	13.888	0.021	0.972	90000.0
321	688.161	14.464	97.397	14.539	0.022	0.97	80000.0
322	686.062	14.189	96.455	14.02	0.021	0.972	50000.0
323	667.918	14.17	93.528	14.074	0.021	0.971	60000.0
324	676.931	14.385	96.379	14.297	0.022	0.97	120000.0
325	684.434	14.295	96.004	13.997	0.022	0.972	100000.0
326	688.154	14.422	95.578	14.184	0.022	0.971	50000.0
327	681.766	13.992	97.158	14.164	0.02	0.971	80000.0
328	677.016	14.016	94.652	13.947	0.021	0.971	50000.0
329	699.895	14.397	100.489	14.309	0.022	0.971	80000.0
330	664.099	14.198	95.364	14.246	0.022	0.97	50000.0
331	668.442	14.093	94.161	13.96	0.021	0.972	80000.0
332	670.668	14.179	94.598	14.165	0.022	0.97	50000.0
333	681.497	14.123	96.874	14.167	0.02	0.971	150000.0
334	682.287	14.55	95.216	14.335	0.022	0.97	50000.0
335	669.298	14.233	94.007	14.255	0.022	0.969	100000.0
336	659.622	14.557	92.642	14.436	0.023	0.967	70000.0
337	676.288	14.159	95.699	14.264	0.021	0.969	110000.0
338	684.022	14.633	95.289	14.687	0.023	0.966	90000.0
339	675.631	14.002	96.15	14.092	0.021	0.971	80000.0
340	671.85	14.492	95.119	14.372	0.023	0.97	60000.0
341	694.627	14.675	97.744	14.728	0.022	0.968	80000.0
342	673.071	14.108	93.17	14.02	0.022	0.971	50000.0
343	664.691	14.047	91.265	13.867	0.022	0.971	60000.0
344	661.862	13.9	94.613	14.111	0.021	0.97	40000.0
345	673.921	14.374	94.114	14.167	0.022	0.97	50000.0
346	667.722	14.022	95.256	13.959	0.021	0.972	70000.0
347	682.164	14.234	96.34	14.194	0.022	0.971	110000.0
348	662.094	14.023	95.471	14.047	0.021	0.971	40000.0
349	673.646	14.342	95.121	14.454	0.023	0.969	80000.0
350	670.86	13.964	94.404	13.621	0.021	0.974	90000.0
351	692.098	14.639	96.625	14.523	0.023	0.97	40000.0
352	700.467	14.758	97.513	14.642	0.024	0.968	60000.0
353	687.279	14.211	98.676	14.324	0.021	0.97	40000.0
354	664.937	14.247	95.362	14.105	0.022	0.971	60000.0
355	677.745	14.295	95.062	14.244	0.022	0.97	80000.0
356	660.986	13.993	94.21	14.022	0.022	0.971	30000.0
357	687.305	14.383	97.179	14.268	0.022	0.97	80000.0
358	672.691	14.024	94.343	14.008	0.021	0.971	90000.0
359	685.916	14.494	96.631	14.506	0.022	0.968	60000.0
360	661.977	13.975	93.048	14.066	0.021	0.971	90000.0
361	672.991	14.194	94.898	14.301	0.022	0.97	100000.0
362	670.175	14.225	94.608	14.284	0.023	0.97	40000.0
363	660.145	14.382	94.508	14.569	0.023	0.967	140000.0
364	696.867	14.621	99.596	14.763	0.022	0.969	60000.0
365	677.853	14.226	95.516	14.165	0.021	0.971	180000.0
366	676.918	14.33	95.014	14.349	0.022	0.969	80000.0
367	683.112	14.434	96.565	14.443	0.022	0.969	120000.0
368	662.59	13.917	95.101	14.03	0.021	0.972	130000.0
369	672.936	14.279	95.718	14.418	0.022	0.97	50000.0
370	663.754	13.953	94.498	14.203	0.022	0.969	60000.0
371	681.781	14.378	95.79	14.322	0.022	0.969	60000.0
372	685.984	14.475	96.916	14.628	0.023	0.967	130000.0
373	671.026	14.18	95.213	14.076	0.022	0.971	80000.0
374	675.411	14.169	97.805	14.463	0.021	0.97	120000.0
375	669.015	14.008	92.576	13.769	0.022	0.972	80000.0
376	696.538	14.656	96.5	14.465	0.023	0.969	90000.0
377	673.817	14.177	94.535	14.145	0.022	0.971	100000.0
378	670.254	14.018	94.417	14.067	0.022	0.97	100000.0
379	664.414	13.813	96.038	13.852	0.021	0.972	60000.0
380	708.428	14.619	102.128	14.655	0.022	0.969	60000.0
381	690.298	14.75	97.409	14.456	0.024	0.97	130000.0
382	678.977	14.642	96.98	14.694	0.024	0.967	110000.0
383	688.974	14.46	97.157	14.356	0.022	0.97	170000.0
384	674.934	14.168	95.776	13.988	0.021	0.971	60000.0
385	672.203	14.099	96.428	14.138	0.022	0.971	90000.0
386	666.73	14.212	93.568	14.207	0.022	0.969	60000.0
387	688.735	14.655	96.424	14.593	0.023	0.968	40000.0
388	698.085	14.339	98.958	14.34	0.021	0.971	100000.0
389	679.238	14.313	96.665	14.281	0.022	0.97	130000.0
390	685.833	14.426	96.555	14.305	0.022	0.971	60000.0
391	673.202	14.033	95.105	13.869	0.021	0.972	50000.0
392	700.397	14.477	99.429	14.467	0.023	0.97	90000.0
393	672.997	14.228	94.213	14.129	0.022	0.971	60000.0
394	672.229	14.288	95.391	14.457	0.022	0.969	40000.0
395	691.074	14.682	98.577	14.764	0.023	0.969	80000.0
396	671.754	13.941	94.89	13.698	0.021	0.973	40000.0
397	684.832	14.177	97.744	14.331	0.022	0.97	50000.0
398	679.646	14.619	94.861	14.324	0.023	0.969	70000.0
399	683.455	14.309	96.045	14.114	0.022	0.971	120000.0
400	675.58	14.323	95.325	14.212	0.022	0.971	60000.0
401	684.129	14.771	96.049	14.708	0.024	0.968	70000.0
402	683.399	14.492	95.681	14.38	0.022	0.969	70000.0
403	685.532	14.502	98.765	14.7	0.023	0.968	80000.0
404	699.861	14.775	98.179	14.743	0.023	0.968	110000.0
405	660.457	13.773	93.317	13.776	0.02	0.972	80000.0
406	675.54	14.277	94.052	14.089	0.022	0.971	110000.0
407	689.149	14.418	97.439	14.587	0.022	0.968	120000.0
408	652.1	13.711	91.826	13.863	0.02	0.972	70000.0
409	681.024	14.312	96.116	14.35	0.022	0.969	40000.0
410	676.98	14.035	95.718	14.111	0.022	0.971	120000.0
411	656.43	14.053	93.531	13.948	0.022	0.971	50000.0
412	680.926	14.221	94.498	14.022	0.022	0.971	100000.0
413	680.651	14.408	94.139	14.146	0.022	0.971	50000.0
414	687.189	14.159	97.403	14.154	0.021	0.971	50000.0
415	669.36	13.874	93.948	13.666	0.021	0.972	90000.0
416	688.822	14.225	98.398	14.335	0.021	0.97	80000.0
417	702.812	14.878	98.558	14.631	0.024	0.97	120000.0
418	666.012	13.956	95.811	14.261	0.022	0.97	160000.0
419	678.082	14.177	93.676	13.94	0.022	0.972	100000.0
420	682.26	14.074	97.488	14.103	0.021	0.972	40000.0
421	672.868	13.97	96.032	14.063	0.021	0.972	70000.0
422	670.981	14.188	96.259	14.241	0.022	0.97	120000.0
423	693.617	14.531	96.595	14.448	0.022	0.969	40000.0
424	670.875	14.104	94.749	13.996	0.021	0.972	60000.0
425	686.119	14.573	98.651	14.637	0.023	0.969	90000.0
426	677.03	14.146	95.005	14.1	0.021	0.971	130000.0
427	672.881	13.888	96.392	13.994	0.021	0.971	90000.0
428	674.014	14.075	94.571	14.102	0.021	0.971	50000.0
429	675.644	14.086	97.693	14.445	0.021	0.969	100000.0
430	687.352	14.358	99.899	14.419	0.022	0.97	90000.0
431	666.645	14.045	94.116	14.023	0.021	0.97	100000.0
432	672.234	13.914	94.827	13.948	0.021	0.971	60000.0
433	670.635	13.938	94.031	13.878	0.021	0.97	50000.0
434	676.065	13.884	94.746	13.984	0.021	0.971	80000.0
435	676.649	14.282	95.179	14.336	0.022	0.97	110000.0
436	668.185	14.177	95.239	14.279	0.023	0.97	90000.0
437	674.464	14.145	94.456	13.899	0.022	0.973	60000.0
438	670.925	14.227	96.613	14.104	0.022	0.971	100000.0
439	694.72	14.41	99.206	14.326	0.022	0.97	40000.0
440	687.922	14.558	96.309	14.442	0.022	0.97	70000.0
441	654.055	13.703	93.136	13.694	0.02	0.973	110000.0
442	671.231	14.323	91.996	14.116	0.023	0.97	60000.0
443	670.785	13.936	97.086	14.06	0.02	0.972	60000.0
444	659.492	13.85	92.594	13.657	0.021	0.972	60000.0
445	631.59	13.627	88.754	13.627	0.021	0.972	140000.0
446	687.46	14.367	96.9	14.29	0.022	0.97	70000.0
447	659.478	13.741	93.505	13.538	0.02	0.974	90000.0
448	671.088	13.989	93.361	13.76	0.021	0.972	120000.0
449	685.556	14.636	96.772	14.576	0.024	0.969	70000.0
450	695.634	14.517	98.944	14.586	0.023	0.968	80000.0
451	682.243	14.298	95.373	14.156	0.022	0.971	100000.0
452	695.963	14.75	98.724	14.785	0.023	0.968	60000.0
453	683.709	14.501	97.649	14.526	0.022	0.968	70000.0
454	668.315	14.273	95.165	14.259	0.022	0.971	110000.0
455	674.546	14.442	95.263	14.379	0.023	0.97	100000.0
456	671.019	13.831	98.786	14.185	0.02	0.97	50000.0
457	664.326	14.061	93.996	14.014	0.022	0.971	40000.0
458	668.013	14.107	94.993	14.413	0.022	0.969	70000.0
459	682.059	14.178	97.249	14.191	0.022	0.971	80000.0
460	665.847	14.125	95.025	14.288	0.022	0.969	100000.0
461	666.468	14.034	94.37	13.856	0.022	0.972	50000.0
462	694.373	14.737	96.459	14.729	0.023	0.968	70000.0
463	676.253	14.347	95.563	14.461	0.022	0.969	120000.0
464	698.535	14.471	96.825	14.166	0.022	0.971	40000.0
465	674.553	14.268	93.445	14.178	0.022	0.969	70000.0
466	665.744	14.211	96.188	14.387	0.022	0.969	50000.0
467	679.57	14.08	96.395	13.987	0.021	0.971	30000.0
468	673.896	14.309	94.877	14.151	0.022	0.97	40000.0
469	685.637	14.191	98.12	14.199	0.021	0.971	40000.0
470	693.154	14.476	97.231	14.591	0.022	0.967	70000.0
471	677.1	14.379	94.637	14.302	0.022	0.969	80000.0
472	650.262	13.727	92.898	13.853	0.021	0.971	80000.0
473	679.512	14.09	96.679	14.166	0.021	0.971	90000.0
474	681.786	14.087	95.623	13.893	0.021	0.971	100000.0
475	673.078	14.073	95.547	14.084	0.021	0.971	100000.0
476	664.164	14.168	94.091	14.043	0.022	0.971	80000.0
477	698.238	14.862	98.705	14.851	0.024	0.968	70000.0
478	681.375	14.471	94.577	14.268	0.022	0.97	30000.0
479	661.689	13.848	93.996	13.801	0.021	0.972	90000.0
480	669.862	14.286	95.593	14.142	0.022	0.97	60000.0
481	672.938	14.265	94.343	14.087	0.022	0.972	100000.0
482	677.875	14.065	94.089	13.854	0.022	0.972	90000.0
483	700.157	14.62	101.5	14.758	0.023	0.969	80000.0
484	683.957	14.145	95.902	14.015	0.021	0.971	70000.0
485	696.692	14.836	99.341	14.744	0.024	0.968	150000.0
486	657.836	14.061	92.428	14.081	0.022	0.971	40000.0
487	655.072	13.636	91.939	13.542	0.021	0.973	120000.0
488	691.015	14.378	97.78	14.093	0.022	0.972	140000.0
489	673.204	13.829	95.504	13.973	0.021	0.971	70000.0
490	682.563	14.28	97.811	14.364	0.022	0.97	90000.0
491	659.076	14.188	92.494	14.02	0.022	0.971	70000.0
492	671.541	14.515	96.746	14.679	0.023	0.967	40000.0
493	677.95	14.224	94.875	13.902	0.022	0.972	90000.0
494	655.446	14.028	91.988	13.931	0.022	0.971	80000.0
495	696.047	14.529	100.953	14.52	0.022	0.969	40000.0
496	675.569	14.362	95.136	14.271	0.022	0.97	80000.0
497	678.643	13.942	94.599	13.989	0.021	0.97	50000.0
498	681.735	14.191	96.941	14.207	0.022	0.971	50000.0
499	694.371	14.488	97.042	14.187	0.022	0.97	50000.0
500	656.311	13.862	91.794	13.709	0.022	0.972	90000.0
