NMF_Replicate	L1	L1 %	L2	L2 %	KL Divergence	Correlation	Convergence Iterations
1	1171.455	23.781	188.721	26.17	0.054	0.899	40000.0
2	1157.545	23.617	185.956	26.054	0.054	0.9	20000.0
3	1171.453	23.728	183.766	26.03	0.055	0.898	20000.0
4	1161.057	23.535	187.371	26.195	0.055	0.899	20000.0
5	1163.893	23.713	186.589	26.145	0.054	0.9	30000.0
6	1172.076	23.77	190.213	26.298	0.054	0.901	20000.0
7	1165.353	23.891	187.045	26.377	0.055	0.898	30000.0
8	1164.748	23.838	186.907	26.239	0.055	0.9	20000.0
9	1151.902	23.337	184.857	25.862	0.053	0.901	20000.0
10	1211.56	24.463	192.211	26.742	0.056	0.895	40000.0
11	1160.615	23.743	182.33	25.665	0.054	0.902	20000.0
12	1168.652	23.778	185.405	25.935	0.053	0.9	30000.0
13	1168.956	23.739	184.564	26.057	0.053	0.9	20000.0
14	1189.857	24.368	194.609	27.069	0.057	0.893	30000.0
15	1181.972	24.097	188.745	26.341	0.054	0.9	20000.0
16	1143.833	23.487	184.393	25.903	0.053	0.901	20000.0
17	1165.017	23.48	183.144	25.782	0.052	0.898	20000.0
18	1137.887	23.265	181.975	25.83	0.054	0.899	50000.0
19	1165.746	23.172	186.986	25.626	0.051	0.905	30000.0
20	1151.252	23.491	187.288	26.406	0.054	0.896	20000.0
21	1160.044	23.589	187.854	26.15	0.055	0.9	20000.0
22	1193.158	24.054	187.61	26.128	0.055	0.899	20000.0
23	1165.947	23.47	185.15	25.905	0.052	0.901	40000.0
24	1158.217	23.799	188.075	26.084	0.054	0.902	30000.0
25	1195.655	24.24	190.495	26.513	0.056	0.896	40000.0
26	1167.505	23.597	187.88	26.205	0.054	0.898	30000.0
27	1160.229	23.443	188.339	26.267	0.054	0.899	30000.0
28	1175.857	23.8	185.663	25.983	0.053	0.901	40000.0
29	1174.094	23.866	186.461	26.309	0.054	0.899	50000.0
30	1156.537	23.588	184.798	26.067	0.054	0.899	30000.0
31	1158.204	23.558	188.307	26.087	0.053	0.9	20000.0
32	1184.065	23.762	186.099	26.142	0.054	0.897	20000.0
33	1173.84	23.55	188.525	26.401	0.054	0.897	20000.0
34	1178.32	24.076	187.663	26.35	0.056	0.897	40000.0
35	1179.64	23.6	187.242	26.103	0.053	0.898	30000.0
36	1172.029	23.997	186.921	26.223	0.055	0.9	20000.0
37	1188.673	24.125	187.166	26.147	0.055	0.9	40000.0
38	1181.051	23.952	187.855	25.996	0.054	0.902	20000.0
39	1166.14	23.765	187.343	26.024	0.054	0.901	20000.0
40	1168.313	23.49	186.709	25.786	0.054	0.903	20000.0
41	1167.327	23.763	189.736	26.396	0.054	0.898	30000.0
42	1184.449	24.02	191.413	26.67	0.055	0.897	20000.0
43	1164.461	23.672	187.054	26.066	0.054	0.901	30000.0
44	1171.198	23.756	188.346	26.221	0.054	0.901	20000.0
45	1158.648	23.413	184.729	25.692	0.052	0.903	20000.0
46	1181.668	23.735	187.304	25.988	0.054	0.901	40000.0
47	1151.357	23.455	183.329	25.953	0.053	0.9	20000.0
48	1154.727	23.734	183.696	26.123	0.054	0.9	20000.0
49	1172.433	23.728	188.245	26.093	0.053	0.899	20000.0
50	1180.174	24.033	189.969	26.684	0.056	0.897	30000.0
51	1165.219	23.83	187.365	26.118	0.055	0.902	40000.0
52	1177.289	23.994	185.908	26.06	0.055	0.9	20000.0
53	1188.434	24.008	188.185	26.547	0.055	0.894	50000.0
54	1175.898	24.168	185.952	26.357	0.055	0.895	40000.0
55	1162.301	23.908	188.014	26.65	0.055	0.895	20000.0
56	1137.34	23.036	178.693	25.195	0.052	0.904	40000.0
57	1171.905	23.638	189.952	26.519	0.054	0.897	30000.0
58	1188.605	24.145	188.235	26.36	0.056	0.898	20000.0
59	1152.687	23.15	187.897	25.931	0.053	0.899	20000.0
60	1176.915	23.935	188.393	26.498	0.055	0.899	20000.0
61	1162.062	23.431	188.864	26.158	0.053	0.899	30000.0
62	1152.31	23.238	188.099	25.784	0.051	0.903	30000.0
63	1174.768	23.845	189.724	26.414	0.055	0.898	30000.0
64	1169.948	23.798	187.294	26.186	0.055	0.899	20000.0
65	1144.622	23.256	183.434	25.859	0.053	0.901	20000.0
66	1172.919	23.808	189.914	26.458	0.054	0.899	20000.0
67	1158.709	23.592	184.778	26.153	0.053	0.898	20000.0
68	1171.061	23.869	188.102	26.265	0.054	0.899	40000.0
69	1166.576	23.633	187.02	25.902	0.053	0.902	20000.0
70	1177.936	23.984	190.158	26.576	0.055	0.896	20000.0
71	1162.053	23.577	186.219	26.056	0.053	0.898	20000.0
72	1153.704	23.818	183.227	26.113	0.055	0.9	20000.0
73	1161.865	23.644	186.379	26.009	0.055	0.9	30000.0
74	1170.693	23.659	185.834	25.77	0.053	0.902	30000.0
75	1169.699	23.681	184.171	25.935	0.054	0.901	20000.0
76	1198.065	24.441	191.453	27.045	0.056	0.893	30000.0
77	1164.195	23.713	182.739	25.773	0.053	0.901	30000.0
78	1169.142	23.933	189.737	26.494	0.055	0.896	30000.0
79	1167.513	23.922	189.725	26.578	0.057	0.896	20000.0
80	1164.996	23.887	190.947	26.733	0.055	0.893	30000.0
81	1174.722	23.832	185.368	26.176	0.054	0.898	20000.0
82	1173.081	24.096	185.311	26.327	0.056	0.897	20000.0
83	1165.735	23.663	187.527	26.16	0.053	0.898	20000.0
84	1185.611	23.845	187.537	26.131	0.055	0.898	30000.0
85	1147.917	23.23	181.45	25.443	0.053	0.905	20000.0
86	1167.499	23.715	187.256	26.251	0.054	0.9	30000.0
87	1167.538	23.772	185.527	26.084	0.054	0.897	30000.0
88	1163.732	23.446	186.231	25.855	0.052	0.901	20000.0
89	1158.843	23.525	185.306	26.115	0.053	0.899	20000.0
90	1175.35	23.879	186.146	26.085	0.055	0.902	30000.0
91	1170.201	23.851	187.996	26.289	0.054	0.9	20000.0
92	1179.454	24.06	190.073	26.555	0.054	0.899	20000.0
93	1181.995	24.07	186.948	26.181	0.054	0.898	30000.0
94	1154.934	23.555	183.95	26.13	0.053	0.898	50000.0
95	1173.45	23.939	189.658	26.518	0.055	0.898	20000.0
96	1167.403	23.628	189.072	25.983	0.054	0.902	50000.0
97	1193.996	24.216	190.227	26.569	0.055	0.897	40000.0
98	1182.932	23.844	187.21	26.377	0.054	0.897	20000.0
99	1167.777	23.834	189.33	26.312	0.055	0.9	20000.0
100	1158.751	23.465	189.127	26.535	0.055	0.896	30000.0
101	1191.563	24.058	189.842	26.655	0.055	0.895	50000.0
102	1194.849	24.146	189.118	26.35	0.055	0.897	30000.0
103	1157.469	23.578	183.761	25.838	0.053	0.902	30000.0
104	1171.868	23.751	186.787	26.38	0.055	0.898	20000.0
105	1192.155	24.214	189.707	26.297	0.055	0.899	20000.0
106	1192.524	24.119	189.565	26.36	0.055	0.897	20000.0
107	1182.602	24.147	184.558	26.169	0.055	0.896	40000.0
108	1195.63	24.119	192.681	26.519	0.056	0.899	20000.0
109	1200.658	24.383	191.057	26.555	0.055	0.897	30000.0
110	1170.749	23.609	191.544	26.348	0.052	0.901	30000.0
111	1176.497	24.146	188.746	26.75	0.057	0.895	20000.0
112	1153.76	23.646	185.15	26.091	0.054	0.899	20000.0
113	1184.577	23.87	191.164	26.381	0.054	0.899	30000.0
114	1177.119	24.093	188.466	26.387	0.056	0.896	20000.0
115	1172.071	23.866	187.674	26.382	0.054	0.898	20000.0
116	1162.155	23.659	185.492	26.05	0.053	0.9	20000.0
117	1192.531	24.375	191.026	26.616	0.056	0.897	20000.0
118	1163.314	23.55	190.673	26.342	0.053	0.898	20000.0
119	1168.94	23.804	190.653	26.653	0.054	0.896	20000.0
120	1168.016	23.605	190.438	26.452	0.054	0.897	20000.0
121	1176.402	23.79	186.788	26.116	0.054	0.9	40000.0
122	1180.879	24.077	189.607	26.563	0.056	0.898	30000.0
123	1176.715	24.138	189.076	26.61	0.056	0.896	60000.0
124	1178.441	23.762	185.414	26.315	0.054	0.899	20000.0
125	1170.679	23.934	187.302	26.169	0.055	0.9	40000.0
126	1152.898	23.485	185.102	26.152	0.054	0.899	30000.0
127	1164.526	23.582	187.589	26.158	0.054	0.899	20000.0
128	1175.656	24.197	188.021	26.712	0.058	0.894	20000.0
129	1197.351	24.416	193.742	26.657	0.056	0.897	20000.0
130	1179.874	23.912	188.08	26.294	0.055	0.899	20000.0
131	1196.536	24.309	191.455	26.848	0.057	0.894	20000.0
132	1176.606	24.145	189.822	26.72	0.056	0.895	20000.0
133	1179.154	23.532	189.092	26.271	0.053	0.897	20000.0
134	1182.243	23.965	187.011	26.304	0.055	0.897	30000.0
135	1166.585	23.797	188.41	26.317	0.054	0.899	20000.0
136	1190.526	24.004	189.446	26.417	0.054	0.897	20000.0
137	1166.518	24.001	185.524	26.522	0.056	0.896	20000.0
138	1164.781	23.669	186.895	25.913	0.053	0.903	30000.0
139	1194.293	24.283	192.673	26.672	0.056	0.896	40000.0
140	1162.657	23.761	189.464	26.496	0.054	0.897	20000.0
141	1182.265	24.028	187.601	26.233	0.055	0.899	30000.0
142	1154.382	23.333	188.049	26.053	0.053	0.901	20000.0
143	1151.851	23.412	182.885	25.679	0.053	0.904	40000.0
144	1180.727	23.963	186.084	26.195	0.055	0.898	20000.0
145	1175.739	24.122	190.164	26.393	0.056	0.899	40000.0
146	1164.797	23.737	187.404	26.254	0.055	0.898	40000.0
147	1187.176	24.233	188.93	26.39	0.055	0.898	20000.0
148	1202.673	24.193	191.35	26.544	0.054	0.897	20000.0
149	1152.897	23.346	184.72	25.916	0.052	0.9	20000.0
150	1164.021	23.845	187.272	25.978	0.054	0.901	30000.0
151	1167.51	24.127	185.553	26.605	0.057	0.894	20000.0
152	1189.124	24.201	190.069	26.652	0.057	0.897	20000.0
153	1184.936	24.091	192.243	26.619	0.055	0.898	30000.0
154	1140.928	23.296	184.09	26.03	0.053	0.899	40000.0
155	1188.165	24.102	190.657	26.348	0.054	0.898	20000.0
156	1156.095	23.848	184.4	26.179	0.056	0.899	40000.0
157	1177.367	23.995	184.857	26.052	0.054	0.899	20000.0
158	1166.229	24.129	188.411	26.519	0.057	0.896	20000.0
159	1175.239	24.303	189.203	26.601	0.057	0.894	20000.0
160	1165.561	23.854	188.707	26.552	0.055	0.897	40000.0
161	1181.717	23.809	188.342	26.168	0.053	0.899	20000.0
162	1175.643	23.861	187.085	26.139	0.055	0.901	40000.0
163	1162.118	23.877	185.77	26.184	0.055	0.897	30000.0
164	1170.065	23.781	189.796	26.412	0.054	0.898	30000.0
165	1146.184	23.561	184.693	26.345	0.053	0.897	30000.0
166	1142.17	23.366	182.612	25.752	0.054	0.904	20000.0
167	1180.276	23.965	190.493	26.526	0.056	0.895	30000.0
168	1154.696	23.673	184.418	26.349	0.055	0.897	20000.0
169	1162.173	23.704	186.422	26.18	0.054	0.901	20000.0
170	1161.452	23.513	187.011	25.954	0.053	0.903	20000.0
171	1177.776	23.989	189.709	26.329	0.054	0.898	20000.0
172	1161.976	23.57	185.504	26.251	0.053	0.897	20000.0
173	1179.773	23.91	187.633	26.222	0.055	0.899	20000.0
174	1186.097	24.001	186.899	26.302	0.055	0.899	20000.0
175	1171.19	23.849	188.465	26.491	0.055	0.897	20000.0
176	1160.646	23.657	191.171	26.267	0.055	0.899	30000.0
177	1163.035	23.594	187.44	26.089	0.054	0.899	20000.0
178	1166.797	23.917	185.499	26.141	0.055	0.9	20000.0
179	1165.566	23.929	185.665	26.136	0.055	0.899	30000.0
180	1171.468	23.933	185.627	26.406	0.055	0.898	20000.0
181	1174.084	23.946	190.556	26.449	0.055	0.898	20000.0
182	1181.997	23.871	189.116	26.206	0.054	0.899	20000.0
183	1192.972	24.255	185.913	26.32	0.054	0.896	20000.0
184	1155.161	23.386	183.654	25.707	0.053	0.901	40000.0
185	1205.181	24.241	194.999	26.804	0.055	0.895	20000.0
186	1152.942	23.615	186.515	26.418	0.055	0.896	20000.0
187	1176.365	23.74	187.302	26.113	0.054	0.9	20000.0
188	1179.473	23.734	186.851	26.082	0.053	0.899	20000.0
189	1156.075	23.456	186.546	25.992	0.054	0.9	30000.0
190	1176.311	23.86	186.138	26.24	0.054	0.897	30000.0
191	1147.173	23.528	183.861	25.79	0.053	0.902	20000.0
192	1175.176	23.983	187.763	26.214	0.054	0.9	20000.0
193	1164.228	23.721	181.66	25.948	0.054	0.898	20000.0
194	1172.035	23.808	187.958	26.284	0.055	0.898	40000.0
195	1191.264	24.153	190.8	26.944	0.057	0.893	20000.0
196	1189.792	24.175	189.212	26.536	0.055	0.899	20000.0
197	1171.528	23.842	188.338	26.298	0.054	0.9	20000.0
198	1152.599	23.667	184.049	25.777	0.055	0.902	20000.0
199	1183.228	24.371	187.606	26.618	0.056	0.894	30000.0
200	1157.446	23.617	184.677	26.244	0.054	0.897	30000.0
201	1146.709	23.268	184.17	25.59	0.053	0.903	20000.0
202	1171.904	23.883	184.435	25.963	0.054	0.899	20000.0
203	1186.442	24.178	188.783	26.589	0.056	0.896	50000.0
204	1192.957	24.251	190.499	26.445	0.055	0.897	20000.0
205	1174.828	23.726	185.581	25.831	0.053	0.902	20000.0
206	1161.158	23.533	187.946	26.18	0.054	0.899	20000.0
207	1172.573	23.912	189.236	26.327	0.055	0.898	20000.0
208	1192.783	24.237	189.405	26.58	0.055	0.895	20000.0
209	1126.795	22.773	184.098	25.75	0.05	0.902	20000.0
210	1157.533	23.548	183.391	25.816	0.053	0.9	20000.0
211	1189.708	23.907	187.42	26.249	0.054	0.897	30000.0
212	1192.603	24.251	192.21	26.752	0.057	0.896	30000.0
213	1166.484	23.604	185.677	25.682	0.053	0.904	20000.0
214	1184.555	24.046	189.271	26.482	0.054	0.896	30000.0
215	1155.388	23.594	182.735	25.842	0.053	0.9	20000.0
216	1162.947	23.619	184.954	26.086	0.054	0.899	20000.0
217	1156.277	23.602	184.626	26.174	0.054	0.899	20000.0
218	1162.392	23.57	186.296	25.873	0.052	0.9	20000.0
219	1179.422	23.951	188.796	26.523	0.055	0.895	20000.0
220	1166.555	23.718	185.682	26.153	0.053	0.898	40000.0
221	1167.251	23.784	189.083	26.419	0.055	0.898	30000.0
222	1186.029	24.204	187.01	26.354	0.056	0.897	40000.0
223	1167.18	23.747	186.632	26.055	0.054	0.9	30000.0
224	1175.127	23.807	187.631	26.292	0.054	0.899	30000.0
225	1210.011	24.487	191.428	26.572	0.056	0.899	20000.0
226	1167.147	23.742	186.845	26.318	0.055	0.9	20000.0
227	1190.001	24.374	189.279	26.696	0.057	0.897	20000.0
228	1159.625	23.479	185.403	25.957	0.053	0.901	20000.0
229	1170.416	23.756	182.452	25.942	0.053	0.9	30000.0
230	1186.963	24.207	191.476	26.847	0.056	0.892	30000.0
231	1176.918	23.78	188.256	26.123	0.053	0.9	40000.0
232	1186.184	24.183	188.718	26.53	0.057	0.896	40000.0
233	1176.24	24.191	187.456	26.614	0.057	0.896	20000.0
234	1168.456	23.59	184.818	25.734	0.053	0.903	40000.0
235	1198.491	24.24	191.343	26.698	0.055	0.895	20000.0
236	1188.355	24.311	188.565	26.578	0.056	0.895	30000.0
237	1177.771	23.864	188.901	26.438	0.054	0.897	20000.0
238	1171.987	23.762	190.199	26.412	0.055	0.897	20000.0
239	1142.407	23.601	182.662	25.971	0.054	0.901	30000.0
240	1165.462	24.09	187.504	26.311	0.055	0.899	20000.0
241	1168.129	23.506	185.64	25.846	0.053	0.9	20000.0
242	1169.916	23.636	188.937	26.187	0.053	0.899	20000.0
243	1162.297	23.532	187.81	26.11	0.053	0.899	20000.0
244	1176.415	24.268	190.242	26.957	0.057	0.892	20000.0
245	1181.84	23.865	190.059	26.32	0.055	0.899	40000.0
246	1162.17	23.718	183.158	26.048	0.054	0.896	20000.0
247	1177.92	24.331	193.345	27.096	0.057	0.892	20000.0
248	1160.201	23.595	184.071	25.866	0.054	0.902	20000.0
249	1186.649	24.141	190.48	26.793	0.056	0.896	30000.0
250	1164.555	23.721	189.901	26.57	0.054	0.898	20000.0
251	1168.914	23.508	186.16	25.88	0.053	0.901	20000.0
252	1170.77	23.61	188.103	26.231	0.053	0.898	20000.0
253	1197.855	24.302	189.221	26.649	0.056	0.896	20000.0
254	1177.065	24.051	191.961	26.811	0.055	0.896	20000.0
255	1190.225	24.016	190.208	26.24	0.055	0.9	20000.0
256	1175.258	23.879	189.044	26.426	0.055	0.899	20000.0
257	1151.839	23.47	187.795	26.501	0.054	0.897	20000.0
258	1175.031	23.902	186.556	26.259	0.055	0.897	30000.0
259	1181.743	23.965	190.46	26.241	0.055	0.901	30000.0
260	1156.338	23.586	186.604	26.105	0.055	0.899	30000.0
261	1176.649	24.118	187.914	26.393	0.055	0.899	20000.0
262	1154.534	23.731	182.764	26.073	0.055	0.897	20000.0
263	1179.127	23.721	187.208	25.994	0.054	0.9	30000.0
264	1154.354	23.528	185.274	26.08	0.054	0.9	20000.0
265	1180.358	23.956	190.276	26.42	0.055	0.899	20000.0
266	1153.941	23.368	185.602	25.821	0.053	0.903	30000.0
267	1187.582	24.312	188.914	26.638	0.056	0.896	50000.0
268	1156.111	23.583	183.491	25.827	0.053	0.902	50000.0
269	1190.287	23.93	189.45	26.314	0.054	0.898	20000.0
270	1157.634	23.539	188.703	26.362	0.054	0.898	20000.0
271	1177.339	24.015	186.601	26.154	0.054	0.898	20000.0
272	1175.199	23.74	190.017	26.415	0.054	0.898	40000.0
273	1155.363	23.665	186.925	26.104	0.055	0.899	20000.0
274	1186.578	23.918	189.953	26.328	0.053	0.898	20000.0
275	1172.775	23.964	186.556	26.351	0.056	0.898	20000.0
276	1179.341	23.579	186.904	26.027	0.053	0.9	30000.0
277	1185.07	24.27	188.542	26.649	0.056	0.897	20000.0
278	1165.371	23.813	186.283	26.007	0.055	0.9	40000.0
279	1157.84	23.34	186.752	25.993	0.052	0.901	30000.0
280	1179.207	23.826	187.597	26.07	0.055	0.9	20000.0
281	1191.293	24.343	190.773	26.755	0.055	0.897	30000.0
282	1183.596	24.187	184.499	26.273	0.056	0.899	20000.0
283	1168.205	23.615	183.389	26.085	0.054	0.897	30000.0
284	1174.604	24.025	191.604	26.598	0.056	0.897	40000.0
285	1171.828	23.854	186.946	26.225	0.054	0.897	40000.0
286	1139.032	23.249	181.647	25.452	0.051	0.903	30000.0
287	1153.531	23.627	183.762	26.207	0.054	0.898	20000.0
288	1184.044	24.39	191.419	26.992	0.058	0.893	30000.0
289	1159.069	23.365	185.708	25.972	0.053	0.901	20000.0
290	1176.822	23.943	188.647	26.399	0.054	0.898	20000.0
291	1169.786	23.629	186.365	25.881	0.053	0.901	50000.0
292	1164.719	23.882	183.973	26.075	0.054	0.9	20000.0
293	1187.087	23.988	189.409	26.332	0.055	0.9	30000.0
294	1167.989	23.825	184.047	25.985	0.054	0.9	40000.0
295	1172.168	23.84	191.017	26.36	0.054	0.898	40000.0
296	1160.153	23.582	184.935	25.959	0.054	0.901	30000.0
297	1163.075	23.703	184.103	25.961	0.055	0.9	20000.0
298	1170.746	23.921	187.706	26.198	0.055	0.901	30000.0
299	1161.278	23.632	188.125	26.339	0.053	0.899	30000.0
300	1136.88	23.261	183.98	25.804	0.053	0.9	30000.0
301	1187.143	24.154	190.243	26.526	0.055	0.897	20000.0
302	1164.237	23.566	189.849	26.181	0.053	0.899	20000.0
303	1179.437	24.069	186.444	26.074	0.055	0.9	20000.0
304	1191.742	24.28	194.199	27.074	0.057	0.893	20000.0
305	1191.271	24.156	187.971	26.437	0.056	0.897	20000.0
306	1157.674	23.657	187.721	26.176	0.054	0.897	20000.0
307	1179.83	23.949	190.389	26.337	0.054	0.899	20000.0
308	1175.017	24.092	187.907	26.518	0.056	0.896	20000.0
309	1178.896	23.759	186.137	26.071	0.054	0.899	40000.0
310	1136.96	23.459	180.309	25.536	0.053	0.902	30000.0
311	1178.456	24.098	187.276	26.339	0.056	0.897	30000.0
312	1172.434	23.693	183.421	25.846	0.054	0.902	30000.0
313	1185.088	23.793	191.136	26.393	0.054	0.899	20000.0
314	1155.577	23.585	183.449	25.87	0.054	0.9	40000.0
315	1187.174	24.339	192.709	26.841	0.057	0.896	20000.0
316	1175.758	23.916	187.921	26.213	0.053	0.897	20000.0
317	1193.237	24.151	191.358	26.443	0.054	0.898	20000.0
318	1175.453	23.913	189.834	26.327	0.055	0.899	30000.0
319	1169.125	23.973	191.311	26.817	0.056	0.897	30000.0
320	1176.808	24.041	187.563	26.13	0.055	0.9	20000.0
321	1172.495	23.666	187.115	25.829	0.052	0.902	20000.0
322	1176.012	23.932	187.397	26.328	0.055	0.899	30000.0
323	1178.071	24.085	188.899	26.433	0.056	0.898	30000.0
324	1160.31	23.604	187.468	26.146	0.054	0.899	20000.0
325	1151.8	23.326	185.077	25.908	0.053	0.901	40000.0
326	1152.507	23.779	183.119	26.106	0.054	0.9	50000.0
327	1176.771	23.878	184.764	26.16	0.055	0.899	50000.0
328	1193.575	23.942	192.046	26.714	0.055	0.897	30000.0
329	1182.913	23.863	187.034	26.155	0.055	0.9	20000.0
330	1141.86	23.338	180.78	25.546	0.053	0.905	20000.0
331	1195.054	24.174	191.919	26.465	0.055	0.896	40000.0
332	1149.042	23.277	183.921	25.7	0.053	0.903	20000.0
333	1170.522	23.911	185.159	26.085	0.055	0.9	20000.0
334	1171.482	24.05	185.98	26.407	0.057	0.897	30000.0
335	1166.934	23.911	185.44	26.226	0.056	0.9	30000.0
336	1179.242	24.0	190.999	26.277	0.056	0.9	30000.0
337	1178.879	24.018	187.499	26.222	0.055	0.899	20000.0
338	1188.538	24.175	192.574	26.806	0.056	0.895	20000.0
339	1154.595	23.281	186.816	25.877	0.052	0.9	30000.0
340	1170.299	24.022	185.736	26.347	0.057	0.899	20000.0
341	1190.436	24.067	187.133	26.127	0.054	0.899	30000.0
342	1165.143	23.611	186.925	26.08	0.054	0.9	20000.0
343	1189.058	24.044	189.333	26.32	0.054	0.898	30000.0
344	1186.427	24.231	188.65	26.415	0.056	0.897	20000.0
345	1146.394	23.124	184.354	25.671	0.052	0.903	20000.0
346	1168.37	24.16	185.693	26.277	0.056	0.9	20000.0
347	1158.491	23.495	184.867	25.907	0.053	0.899	40000.0
348	1181.324	23.768	187.682	26.039	0.053	0.902	20000.0
349	1165.655	23.636	189.828	26.256	0.054	0.898	20000.0
350	1166.356	23.756	184.809	25.899	0.055	0.901	20000.0
351	1183.391	24.278	189.417	26.644	0.058	0.896	20000.0
352	1199.931	24.152	187.985	26.492	0.055	0.895	30000.0
353	1166.557	23.717	185.575	26.144	0.055	0.899	20000.0
354	1165.987	24.03	186.632	26.376	0.056	0.897	20000.0
355	1179.239	23.968	189.04	26.321	0.055	0.899	30000.0
356	1157.392	23.493	182.822	25.909	0.052	0.9	30000.0
357	1189.328	23.965	191.189	26.687	0.055	0.895	20000.0
358	1178.061	23.871	186.808	26.062	0.054	0.902	40000.0
359	1154.091	23.739	181.761	25.976	0.055	0.899	20000.0
360	1174.093	23.826	187.404	26.059	0.054	0.901	60000.0
361	1186.962	23.944	190.81	26.63	0.055	0.897	20000.0
362	1180.616	23.955	185.78	26.045	0.054	0.899	20000.0
363	1176.705	23.706	188.295	26.12	0.053	0.901	30000.0
364	1171.118	23.947	187.842	26.415	0.056	0.9	20000.0
365	1148.223	23.648	187.307	26.496	0.053	0.895	30000.0
366	1163.95	23.959	187.421	26.496	0.057	0.897	30000.0
367	1162.929	23.658	188.502	26.374	0.054	0.898	20000.0
368	1185.895	24.058	193.99	26.93	0.055	0.894	20000.0
369	1175.758	23.695	191.848	26.54	0.054	0.897	20000.0
370	1179.678	23.926	190.561	26.825	0.055	0.895	30000.0
371	1173.378	23.767	191.285	26.531	0.053	0.896	20000.0
372	1196.676	24.192	192.279	26.534	0.056	0.9	20000.0
373	1181.812	24.13	187.638	26.454	0.055	0.897	20000.0
374	1163.969	23.535	185.764	26.133	0.055	0.899	20000.0
375	1165.903	23.547	187.128	26.265	0.053	0.897	30000.0
376	1184.764	23.919	188.385	26.21	0.054	0.9	20000.0
377	1172.593	23.899	186.623	26.083	0.054	0.9	30000.0
378	1169.925	23.652	185.016	25.901	0.054	0.901	30000.0
379	1169.794	23.855	185.802	26.266	0.055	0.899	20000.0
380	1163.045	23.691	185.13	26.038	0.055	0.899	40000.0
381	1194.802	24.137	191.708	26.611	0.055	0.897	20000.0
382	1179.824	24.295	188.089	26.329	0.057	0.898	30000.0
383	1160.08	23.565	186.363	25.795	0.053	0.904	40000.0
384	1154.964	23.522	186.28	26.281	0.054	0.898	30000.0
385	1141.56	23.265	183.476	25.77	0.053	0.903	30000.0
386	1179.705	24.014	186.53	26.184	0.055	0.899	20000.0
387	1176.801	24.021	189.166	26.53	0.056	0.898	20000.0
388	1167.85	23.503	189.774	26.107	0.053	0.902	30000.0
389	1170.453	23.739	188.013	26.316	0.054	0.899	20000.0
390	1181.822	23.876	187.98	26.015	0.055	0.901	60000.0
391	1150.32	23.548	184.556	25.919	0.053	0.902	30000.0
392	1186.479	23.967	194.339	26.745	0.056	0.897	20000.0
393	1198.345	24.328	192.057	26.736	0.056	0.896	40000.0
394	1147.741	23.489	184.33	25.851	0.054	0.902	20000.0
395	1166.738	23.846	184.245	26.117	0.054	0.898	60000.0
396	1178.545	24.253	190.224	26.815	0.057	0.894	20000.0
397	1158.295	23.646	187.599	26.28	0.054	0.899	70000.0
398	1171.672	23.664	187.066	25.917	0.054	0.9	20000.0
399	1181.312	24.003	188.689	26.478	0.056	0.898	20000.0
400	1173.261	23.784	186.285	25.978	0.054	0.902	30000.0
401	1166.69	23.827	185.408	25.953	0.054	0.9	30000.0
402	1158.284	23.663	184.3	25.952	0.054	0.901	20000.0
403	1168.972	23.963	185.188	26.352	0.055	0.898	20000.0
404	1184.778	23.792	188.746	26.163	0.054	0.902	40000.0
405	1168.967	23.831	188.768	26.42	0.055	0.898	30000.0
406	1148.141	23.095	182.597	25.454	0.051	0.905	20000.0
407	1173.374	23.802	188.225	26.355	0.053	0.897	20000.0
408	1169.74	23.702	185.893	26.267	0.053	0.9	30000.0
409	1168.875	23.705	188.935	26.269	0.053	0.897	20000.0
410	1200.977	24.234	193.011	26.721	0.055	0.896	20000.0
411	1181.612	24.115	185.28	26.226	0.056	0.898	40000.0
412	1177.534	24.277	187.027	26.756	0.056	0.894	40000.0
413	1186.045	24.075	188.419	26.311	0.054	0.899	20000.0
414	1163.067	23.773	185.998	26.197	0.054	0.899	20000.0
415	1190.085	23.763	191.013	26.324	0.053	0.899	30000.0
416	1178.188	23.772	186.406	26.005	0.054	0.902	20000.0
417	1175.213	23.629	191.421	26.378	0.053	0.899	50000.0
418	1189.56	23.956	190.985	26.508	0.054	0.898	40000.0
419	1152.885	23.439	179.67	25.455	0.053	0.903	20000.0
420	1156.346	23.496	186.483	26.054	0.053	0.901	20000.0
421	1145.575	23.299	183.67	26.019	0.053	0.899	40000.0
422	1174.946	24.188	187.627	26.315	0.056	0.9	20000.0
423	1143.473	23.196	179.531	25.397	0.052	0.904	20000.0
424	1167.424	23.667	187.071	26.0	0.056	0.9	20000.0
425	1161.441	23.479	186.391	26.028	0.053	0.902	50000.0
426	1169.827	23.802	187.605	26.277	0.055	0.899	30000.0
427	1159.175	23.455	183.43	25.644	0.052	0.903	20000.0
428	1151.553	23.624	186.879	26.178	0.054	0.899	30000.0
429	1177.593	24.123	188.193	26.337	0.056	0.897	20000.0
430	1179.03	24.177	189.37	26.549	0.055	0.896	30000.0
431	1169.797	23.751	185.126	25.94	0.053	0.9	30000.0
432	1172.152	23.82	185.688	26.12	0.054	0.901	40000.0
433	1147.836	23.525	184.844	26.049	0.054	0.9	20000.0
434	1137.67	23.08	181.003	25.437	0.05	0.903	20000.0
435	1181.026	23.998	191.182	26.535	0.054	0.898	40000.0
436	1168.585	23.607	184.836	25.895	0.053	0.9	30000.0
437	1182.989	23.972	188.202	26.169	0.054	0.901	40000.0
438	1166.887	23.777	183.296	25.85	0.054	0.903	40000.0
439	1159.823	23.667	188.224	26.144	0.054	0.9	20000.0
440	1147.966	23.334	184.627	26.082	0.052	0.9	30000.0
441	1155.947	23.49	184.505	25.661	0.053	0.904	30000.0
442	1192.988	24.054	189.266	26.141	0.055	0.901	30000.0
443	1183.023	23.936	190.284	26.361	0.054	0.898	30000.0
444	1168.066	23.772	187.094	26.138	0.054	0.898	30000.0
445	1184.067	24.186	185.947	26.179	0.056	0.897	20000.0
446	1169.787	23.744	186.715	26.057	0.053	0.899	20000.0
447	1163.875	23.644	182.019	25.907	0.054	0.902	20000.0
448	1183.191	24.01	191.063	26.496	0.055	0.898	30000.0
449	1174.784	23.998	185.482	26.168	0.055	0.898	40000.0
450	1203.318	24.274	194.004	26.886	0.055	0.896	20000.0
451	1178.843	23.981	187.825	26.271	0.055	0.897	50000.0
452	1142.031	23.389	184.126	25.967	0.053	0.9	30000.0
453	1178.634	23.792	188.852	26.117	0.054	0.9	20000.0
454	1165.82	24.065	188.258	26.655	0.055	0.897	20000.0
455	1155.826	23.666	182.726	25.892	0.053	0.9	40000.0
456	1154.013	23.47	188.723	26.063	0.053	0.901	20000.0
457	1200.937	24.19	195.997	26.667	0.054	0.897	30000.0
458	1164.792	23.719	189.318	26.427	0.054	0.898	30000.0
459	1172.25	23.936	187.674	26.207	0.054	0.899	20000.0
460	1186.432	24.046	186.8	26.417	0.056	0.896	40000.0
461	1180.535	23.791	191.883	26.373	0.055	0.897	20000.0
462	1161.454	23.615	184.237	25.883	0.053	0.901	20000.0
463	1167.333	23.656	190.207	26.381	0.053	0.898	40000.0
464	1174.292	23.67	186.057	25.785	0.055	0.899	30000.0
465	1177.887	24.1	186.016	25.979	0.055	0.901	20000.0
466	1192.152	24.239	189.37	26.466	0.054	0.898	20000.0
467	1165.914	24.049	188.248	26.761	0.055	0.895	50000.0
468	1167.619	23.748	187.82	26.311	0.055	0.898	40000.0
469	1164.317	23.722	188.468	26.331	0.054	0.897	20000.0
470	1176.552	23.81	189.149	26.339	0.055	0.899	20000.0
471	1178.06	24.088	186.308	26.26	0.055	0.896	30000.0
472	1173.218	24.132	185.994	26.163	0.056	0.9	20000.0
473	1202.197	24.789	192.359	27.189	0.058	0.893	30000.0
474	1199.631	24.056	191.567	26.377	0.054	0.899	30000.0
475	1176.286	23.672	189.64	26.171	0.053	0.899	40000.0
476	1196.37	24.002	192.549	26.668	0.055	0.896	30000.0
477	1174.133	24.081	184.668	25.972	0.055	0.899	30000.0
478	1180.113	23.949	190.486	26.44	0.055	0.899	20000.0
479	1165.474	23.605	184.513	25.895	0.054	0.9	30000.0
480	1184.951	24.087	191.971	26.841	0.055	0.894	20000.0
481	1183.433	24.206	188.631	26.574	0.055	0.897	30000.0
482	1163.772	23.547	185.666	25.906	0.053	0.902	40000.0
483	1155.11	23.488	185.271	25.905	0.053	0.9	20000.0
484	1190.765	24.14	193.672	26.907	0.055	0.895	20000.0
485	1175.614	23.737	188.832	26.501	0.054	0.898	30000.0
486	1165.445	23.537	183.285	25.841	0.053	0.9	30000.0
487	1170.867	23.774	188.803	26.263	0.054	0.899	20000.0
488	1142.427	23.498	182.619	25.868	0.054	0.901	30000.0
489	1161.396	23.432	188.769	26.012	0.052	0.901	20000.0
490	1159.634	23.741	186.89	26.399	0.055	0.9	20000.0
491	1167.076	23.652	187.544	26.312	0.054	0.899	30000.0
492	1179.538	23.717	186.725	26.138	0.052	0.899	20000.0
493	1175.61	24.17	187.894	26.247	0.056	0.899	30000.0
494	1200.506	24.527	192.792	26.809	0.057	0.897	30000.0
495	1148.374	23.455	185.355	25.928	0.052	0.902	20000.0
496	1160.052	23.667	188.484	26.316	0.054	0.898	20000.0
497	1192.131	24.107	188.312	26.358	0.056	0.897	20000.0
498	1162.605	23.493	183.825	25.983	0.053	0.899	30000.0
499	1162.889	23.531	185.592	26.088	0.053	0.897	30000.0
500	1156.064	23.56	186.749	26.092	0.054	0.898	50000.0
