MutationType	SBS96A	SBS96B	SBS96C	SBS96D	SBS96E	SBS96F	SBS96G	SBS96H	SBS96I
A[C>A]A	0.0017384378674905746	0.02778511673095636	0.02211880293325521	0.004882872649688558	0.02017522908913088	0.017471131164114924	0.028661876488011332	0.01045031654094602	0.022462959964177572
A[C>A]C	0.00016966394586165733	0.022259331341832875	0.012642704658617733	0.00884885510714055	0.015497386176633881	0.01834805558761582	0.019268125902977773	0.018605271670268847	0.015441081263124943
A[C>A]G	0.00022946577306811377	0.0026444242615622214	0.001544818947287979	0.0012189956854672347	0.0019339021169972738	0.005568395055364821	0.0018495483272317204	0.0023543612130015627	0.0060328422690945445
A[C>A]T	0.00042976279404501836	0.02378843738255091	0.01225002129081986	0.009108314537436272	0.014966161950142123	0.0206119808179792	0.015426274932091474	0.00798272756373627	0.012631512817111798
A[C>G]A	0.002144845129689202	0.01240529382787645	0.006266094780413751	0.017593943771207706	0.01498802228065324	0.024064273150637746	0.008076653286860164	0.009558106031974604	0.004410084850578641
A[C>G]C	0.0007367034888011403	0.009537787365959957	0.006591778406302865	0.008207711737602949	0.007911102988524363	0.011983191263163462	0.006205276629945729	0.006535790632944554	0.005710507797659374
A[C>G]G	8.312229384197067e-05	0.0021903246967778715	0.0026411547703485924	0.0023994925025035627	0.0019788504544922744	0.013794138703902718	0.002030486188291551	0.0015340623807340705	0.0012192465559564597
A[C>G]T	0.0018947744080796839	0.013545670236228035	0.0077922453697538	0.021722329838201403	0.016283309174934403	0.017873653548536823	0.009278737960514264	0.006408709962197463	0.004808615254827906
A[C>T]A	0.003685565717052668	0.019675068436190487	0.0247579715102911	0.005604257121417335	0.014966103414990379	0.018370771845009584	0.0247930428837426	0.017302399902815523	0.018604481624788605
A[C>T]C	0.0014556941866176202	0.0075444303425611	0.010208315615949686	0.013194705217145383	0.01007184322433568	0.0068564538591984955	0.009049647659470793	0.00507336166271125	0.013484775680117309
A[C>T]G	0.0017140386210662312	0.006124184483964383	0.059489500758703795	0.015377629445620091	0.014036211033620892	0.011332325814775092	0.014525326684813903	0.035680731397762434	0.08126906737685204
A[C>T]T	0.0019843098833225666	0.019986126062460245	0.01703407328663161	0.010510398832324427	0.014162308712955565	0.017546248315135016	0.012896420943139676	0.004906739787261018	0.008768323354088382
A[T>A]A	0.0010599199033458717	0.010591313010088924	0.004241860458163788	0.005029898850393887	0.010143948057455419	0.004866154119301865	0.009373845779016853	0.02237092509493232	0.005952081818701117
A[T>A]C	0.0006930497726425529	0.008434928107075393	0.005904589921303541	0.006717072959785583	0.007770309114319389	0.006342274980135704	0.00669403811398786	0.010689063858182635	0.013500458702910691
A[T>A]G	0.0004841458877199332	0.01349094621092081	0.006607010526568047	0.003255945531805608	0.00898933746406692	0.011049720537150278	0.007679174865770625	0.011787913060805295	0.009417401229729876
A[T>A]T	0.00018827616428410466	0.01573882644324476	0.012911380677483975	0.006160134183074909	0.01230700504349079	0.010542446129984456	0.012009634110261687	0.03426242358284071	0.01117882913802844
A[T>C]A	0.0004605710590722083	0.01877634983812459	0.016202397120185195	0.012638470924168359	0.017427344136405735	0.00963041174854854	0.022674023075494914	0.03105970591586083	0.014426213549566455
A[T>C]C	0.0002690643473461023	0.008709849359467626	0.007137428640504931	0.007461109715688508	0.006962102284072898	0.013271310165990143	0.006678278476698484	0.005664645592827582	0.009001328786311205
A[T>C]G	0.0007676949009473901	0.012360658184625208	0.010869175968226046	0.015305487991310656	0.01341895032231696	0.010391546012135223	0.0106325288816588	0.01407475399132818	0.01415540166955907
A[T>C]T	0.0003858556875420618	0.01819536603416782	0.01811798935919069	0.018529821081552655	0.01961531907436438	0.017841915504419423	0.017211384147638457	0.015796349240816198	0.01829514070332516
A[T>G]A	0.00015899091475830575	0.003681013947892714	0.0034654063014895654	0.0034294276658654007	0.004995560922094242	0.009041199656989192	0.005733750202572993	0.013833978604758159	0.0031538083823324996
A[T>G]C	0.00025903759714879373	0.0015642715971898723	0.0007415064596373213	0.0019691447641042633	0.0025588435064066812	0.004626808543500374	0.00251452402126597	0.007695190323516727	0.0027459416707305024
A[T>G]G	0.00010493920420447011	0.007078680479389731	0.0024912381417769957	0.00996280559245497	0.007632475073997398	0.012973554304335267	0.0032193560639716453	0.0031630113662122314	0.000587895713751891
A[T>G]T	4.511845667139623e-05	0.002889501501193765	0.003257397825327857	0.010699637552839704	0.00878103656212975	0.006508044623100432	0.008269510627957064	0.007747631083882879	0.002347628451356292
C[C>A]A	0.0012593096008640713	0.023980927849188448	0.015688879218883813	0.013736466415924952	0.01925190450856462	0.017309044729918243	0.017586070264340378	0.014157947063213215	0.011200350723462179
C[C>A]C	0.0008683912428969052	0.023505072913365437	0.007295912721011604	0.010100777519517578	0.014478599365160334	0.015490602117624803	0.011532846254385047	0.008869870102795992	0.005564954880537698
C[C>A]G	0.0002690621302153886	0.0022825906942161964	0.0015648408641500283	0.0011137830228130242	0.001758127366406825	0.0061865168603835625	0.0015276525385997956	0.002292530215712759	0.003838313914639002
C[C>A]T	0.0007395128577483876	0.022792082656364072	0.01635154302197043	0.004460953660949599	0.012814686012774473	0.01542750839843229	0.01640683604941296	0.0073618347463198005	0.005846624061804725
C[C>G]A	0.002733701799996197	0.011175661201879848	0.005606610236340202	0.013129607987357303	0.010720128311821852	0.012992495678598061	0.006941730201688941	0.003193239159805671	0.0013452064019147656
C[C>G]C	0.0006805334075179417	0.010588014521403238	0.0043718137427597795	0.007901736989675555	0.00915874397731386	0.00877883333794307	0.007997682029701537	0.0032495249472181925	0.0018103643308028587
C[C>G]G	0.0003927078746492043	0.0019577527743029855	0.0015881252346330549	0.003121922792881378	0.001951232242686153	0.008305572965298779	0.0025866833019972547	0.002578501595562125	0.0023866703406841133
C[C>G]T	0.0031696800771169363	0.015689426062628627	0.009873960215307306	0.017892295664176345	0.015588039585913066	0.01076315625003889	0.010791201199375792	0.004504064303407112	0.005204829676594036
C[C>T]A	0.009302418570034205	0.01276258805510588	0.015151924564175715	0.006539480243516738	0.011838044117321062	0.009604598672784199	0.019215599223040045	0.016111668766126967	0.024041103975381704
C[C>T]C	0.0025425919957924635	0.010578558725304901	0.011378849341694149	0.006576412283006903	0.010418557894299739	0.003085374706700986	0.01632266002325923	0.013203526414465159	0.018074772150372155
C[C>T]G	0.004159464470576495	0.0032056563433786158	0.03138803921589218	0.01035891258301985	0.007434124664870556	0.008287514816451942	0.010732324546912773	0.01656968355302566	0.0508462271746248
C[C>T]T	0.0051790493577718736	0.019566235560923816	0.021016769418958574	0.014151905164821073	0.01597414740372915	0.015489358697086572	0.01993314217007719	0.007641935545298841	0.02109471887908876
C[T>A]A	0.00029491522293483284	0.00995677040622104	0.0018477467445049789	0.0048848021025509406	0.008435712027654517	0.010237186326532593	0.008200674398649426	0.008923330048361095	0.0009313566338353212
C[T>A]C	0.00040470501994241203	0.014490004592102196	0.0039952969342190205	0.0059423178270157	0.010340904890092133	0.013916005245409906	0.009045043684272969	0.0063016443829771555	0.005877113299851772
C[T>A]G	0.00018195679174519763	0.011679112370591611	0.0033969902658573118	0.006981822284520604	0.010012798903684597	0.01468004269595258	0.01077748052671086	0.007497870625811629	0.0027343008190486777
C[T>A]T	6.743830941341389e-05	0.017617419732324436	0.00934493856530753	0.006838486097418354	0.012017057072138414	0.024115697507280855	0.0112450693394494	0.003961389375147244	0.00394472927636759
C[T>C]A	0.00012720495503022757	0.00943665423314087	0.006488629630781361	0.010284537429455667	0.008518124986576822	0.01012459517532261	0.004977509212261794	0.007911712151078974	0.0058812385328346865
C[T>C]C	0.0005594843209109967	0.01352552812884096	0.009277235062909313	0.0024848835433581547	0.007899603138212117	0.019715391860809176	0.009539574791915384	0.008413399726411253	0.006574646325978393
C[T>C]G	0.0009701802072813734	0.007779783799138386	0.00461246775722168	0.013194529950153083	0.010977699575421867	0.009089416997187072	0.007860759285569657	0.010424434117798228	0.006996452554138727
C[T>C]T	0.000492051888944843	0.013093738922267222	0.010423927814234048	0.01120721624896396	0.01352818246698007	0.006634956250589832	0.015687068290426397	0.00539072803224491	0.00414464836830491
C[T>G]A	1.1481447633343577e-05	0.0030661862187107555	0.0025397046396038866	0.003995467191103671	0.003958655040643862	0.005890271689509973	0.005225949841667898	0.0036103928301090492	0.0011180971972758478
C[T>G]C	0.00021234071375329222	0.004438672475711399	0.0024449101822639186	0.0025596447196046482	0.0049024870748124415	0.006084298887260957	0.0058543021667301215	0.0038780330503868756	0.0030896932667092186
C[T>G]G	0.00022040913762430136	0.007255718674161472	0.0046636568035828534	0.012542202614014968	0.008772373700572643	0.008210232116864063	0.0061711937090707224	0.003635622864138673	0.003125678842385241
C[T>G]T	6.414101255005277e-05	0.008101265027172412	0.008916847025757306	0.008072024968287905	0.012370272920372414	0.008451613148034085	0.013343489023917911	0.009915174142388454	0.004082403830522987
G[C>A]A	0.0011135898807551712	0.01353872188157402	0.01923739338212181	0.003035335240085038	0.007886224403948294	0.022845346260117368	0.01020700028016813	0.006552256243297015	0.02054011234594509
G[C>A]C	0.0004845774673754022	0.01619323765556328	0.006729752882936736	0.0034239502828901165	0.010388167282391805	0.005105250104847675	0.014818607543158578	0.010291686678610858	0.00805329997720726
G[C>A]G	0.00023460955947484762	0.0009614354547484254	0.002161598050966859	0.0011667006891889745	0.0015294345226232622	0.0014881425806961487	0.001919551626961038	0.0011931849078785604	0.005192813304485754
G[C>A]T	0.00048318135766021444	0.013636354910675436	0.01363079631322762	0.00449526300488874	0.009194644353789045	0.011993196732597425	0.01100953402038431	0.004161962251785553	0.011269382761907764
G[C>G]A	0.0008385970430972521	0.007605394451122265	0.0028292914627090797	0.00675964310629206	0.006677443904583924	0.008459794312977465	0.005338336503133177	0.005617846493946672	0.004319787577272109
G[C>G]C	0.0004805667274049483	0.008598464579132268	0.003560124828789573	0.005355306260811631	0.006189039427335956	0.005295775037739077	0.004458595149883877	0.005859474452183349	0.0048539641237584875
G[C>G]G	0.00021679522880185687	0.0013237359803970321	0.0002637741282437673	0.0026279512529345083	0.0016934351349081852	0.004149257300203317	0.0010648541239788756	0.0006984416069545886	0.0012014830992177821
G[C>G]T	0.0014831828459864482	0.011190051904763096	0.0031063412777160623	0.013620164106599986	0.01026696894226916	0.0143970068130875	0.00576960636569507	0.006715877065438307	0.001911044766656022
G[C>T]A	0.004511308701243251	0.01337012466310989	0.014292089939233848	0.005276167190346314	0.011534086704967195	0.006924666931028014	0.017105378336738794	0.010881953403615285	0.02019339657947421
G[C>T]C	0.0021630388235207645	0.00988517447236154	0.012615469867140745	0.007120809729331086	0.009639865250137518	0.004781939994071509	0.013719348515558522	0.00783042348912697	0.018226121552288532
G[C>T]G	0.0027852384150028227	0.004107305496179939	0.035709775341907515	0.012244928667229456	0.009292477938992239	0.012969167735820577	0.008928994896938113	0.0234738130682949	0.05221459286659956
G[C>T]T	0.0029141467432491483	0.012650310441968031	0.011681773000047541	0.009920421061338856	0.012128282298683188	0.009186743671800272	0.014093092689290643	0.010449075345349262	0.01692110602091998
G[T>A]A	0.00030499696476908865	0.007393302496871911	0.002126236952410764	0.0038708932897331886	0.004686138686913182	0.009379578863736242	0.004064832300403448	0.003357099837579881	0.0024629359456016502
G[T>A]C	0.00023049077713267253	0.00732558637301554	0.002424932150885276	0.0045765195469139285	0.00596925410467432	0.0028969054843910273	0.0039158061962296245	0.004029228495903226	0.004943544869083468
G[T>A]G	0.00048711716489924586	0.007686521783238277	0.0027497779588447884	0.0050428464243887	0.005895055518538356	0.006816916727053467	0.0038458606879721627	0.004468886314673	0.003667438781144
G[T>A]T	8.469021033852186e-05	0.011371034994721413	0.0034965991549581275	0.005880201084479859	0.008777200998892027	0.013030360555276274	0.00992045589647023	0.004561781140233506	0.004237506384233711
G[T>C]A	0.00034767023119820805	0.008278982485528105	0.007100736088003032	0.008499872060725465	0.008561826850520449	0.009575099078024337	0.005830430325790076	0.011749225095380098	0.010124693288301841
G[T>C]C	0.00033407536850336327	0.005190167764929356	0.004916760543186683	0.0041212183055145315	0.004980940852110507	0.009321581438882277	0.006266510942310561	0.006681870233712596	0.006753364077303559
G[T>C]G	0.0004713058662637195	0.004162912609783234	0.00335712035868346	0.007744453809747938	0.00597335411637323	0.00971162800467573	0.004785243723112221	0.008277810241343104	0.008047512763383566
G[T>C]T	0.00025378639848872806	0.008487995511270796	0.007891021483228542	0.005668405722102808	0.00894062863221916	0.006641297721959878	0.010226065662965996	0.018446871599182485	0.012212688945233821
G[T>G]A	0.00013285394864010413	0.003887119851562602	0.0011043494022197713	0.005381617179489695	0.005079663315591483	0.006481541305431165	0.002786652298871109	0.0033870754918083135	0.0013749530348611224
G[T>G]C	0.00017983699694832468	0.0031812413463776466	0.0011382512914497056	0.003917160122640781	0.0034075108710359815	0.0030164723286870867	0.0023777345428808018	0.000872726596227949	0.002646851686814614
G[T>G]G	0.0011306766264606268	0.0070257875245733886	0.0015629477074289753	0.006295515129895648	0.007693299957114505	0.01265127049642615	0.009060879681710503	0.005383465459799207	0.0035492211696000597
G[T>G]T	0.00025957444158848376	0.005054275870545098	0.0038393254193251776	0.005318583434877044	0.006934116142928929	0.009604047595988959	0.00774072597376653	0.005129292570425605	0.004046156511743902
T[C>A]A	0.027313933923840523	0.02316692839585974	0.026939423543866723	0.015503559556382242	0.018465905880228457	0.004587429376637587	0.01671220493276251	0.018106338941259573	0.023347959998312264
T[C>A]C	0.01038688344694674	0.016155643376987428	0.018314833999611438	0.021284983991179614	0.01691511599777732	0.009643959442315516	0.012479228661221031	0.010220127461339872	0.017827626115176826
T[C>A]G	0.0017132171720732003	0.001243300479496611	0.0032450659892783733	0.0004720500837547732	0.0012882690402234915	0.0019037889147520061	0.003069602974880614	0.003745852938001917	0.003163623398915661
T[C>A]T	0.01433051097393036	0.026057981304475106	0.04041883368045131	0.0205891599743627	0.023349594615063262	0.007426599079567559	0.021083361370561476	0.01954866072477307	0.017497586097726527
T[C>G]A	0.15321638533473014	0.003226235580846408	0.006598299957949262	0.08940631157159805	0.03319208238604356	0.0023100601505757555	0.004268419947811836	0.007004985592353639	0.01019652280275842
T[C>G]C	0.03152502367645502	0.008969190770825591	0.014090624080883572	0.044700155608355996	0.021426647183136083	0.0098101252533379	0.00742862472235058	0.005683707149558814	0.01126106702661491
T[C>G]G	0.0051700440300628545	0.00036749950076045933	0.00044482088842161716	0.006140771834616317	0.0023075871625478613	0.005460611349438637	0.001122948364485177	0.00037808971040203686	0.0024610198229664056
T[C>G]T	0.1902315966784954	0.012419726304959336	0.02342398839458838	0.13893724961578846	0.05653388143199845	0.010104221476946682	0.012128834501826197	0.012164757830139376	0.007554081328619235
T[C>T]A	0.26729005098342895	0.009131934685667876	0.02539901953857204	0.0035081004554147173	0.010075974396238465	0.0178022459040743	0.04258688483667611	0.05034064850211181	0.0198976587866954
T[C>T]C	0.053256039828062054	0.010737650491180842	0.0327051430393476	0.00814901066513994	0.013618917241132348	0.006253283943829366	0.03729661767471634	0.022753280443480208	0.020337191336149318
T[C>T]G	0.028239944256842137	0.001104527427611174	0.024484359794667603	0.005114227132449587	0.004796059120145765	0.0061606534418860975	0.007754314711024908	0.025096119119552895	0.04131169055216014
T[C>T]T	0.13595882299542428	0.01582241019213552	0.037956596893491235	0.011220885555757096	0.013430417367037348	0.013889172886158076	0.03609423193964176	0.02951193825023735	0.015572961225856875
T[T>A]A	0.00035778883984130517	0.009892117519678625	0.017599454325158147	0.005851166736742016	0.010993642678688048	0.006410563017604094	0.015856305079544112	0.03353497350821272	0.012147683453898935
T[T>A]C	0.00018316474954479945	0.012114823613723274	0.004365352146385703	0.0042458531034317275	0.0074465837643208485	0.005255092599434818	0.005517594947268663	0.007317963992580189	0.004023665534877209
T[T>A]G	0.0001953899273210027	0.006276654017419787	0.004478664077498252	0.004249804630293511	0.005429658295644913	0.0074096555336145686	0.005303977659059456	0.003800768536490068	0.004477366970444564
T[T>A]T	0.00017295043310059565	0.020586571942083538	0.010486237772507593	0.008028914032854653	0.012725651503020819	0.02384867640957236	0.012278088557133224	0.01623977412848035	0.005119481240602766
T[T>C]A	0.00028062439636687486	0.010855484566884115	0.00994211587511029	0.00564406687382143	0.008937954076922324	0.007922550835488006	0.008058994832445687	0.017505774752236903	0.008261005386535543
T[T>C]C	0.0005963803681679565	0.007684083596389319	0.007507810194831109	0.007412815890962914	0.006789658978148313	0.014649658802656134	0.004477310632893932	0.016093537229346113	0.008908010667131748
T[T>C]G	0.00034995870597413157	0.005910011459083762	0.006362554327992257	0.0037537151128276573	0.0050929788038847615	0.005711498139327949	0.007686013027967419	0.005431344445343712	0.004766668354597641
T[T>C]T	0.0004233035861834651	0.009801830486452674	0.013131419369252398	0.006515521624848105	0.010515060654317494	0.011537668787816074	0.014705131813665503	0.01309572710446082	0.012321274866117164
T[T>G]A	0.00015749733544703304	0.00531334971555043	0.004250196987719392	0.006400999442266766	0.006615250597213162	0.007838984212605283	0.0066437533260614145	0.005148460640339181	0.0017129367176974514
T[T>G]C	9.2362459183164e-05	0.004394119060540106	0.0031409843153815016	0.0034193081716875893	0.004167204730561935	0.0074457956075202674	0.00536626440443797	0.0035498531779886706	0.0031473174427603806
T[T>G]G	8.87810949310916e-05	0.008438955246703699	0.003405098017985438	0.008005064996308648	0.008310661086186883	0.012319782928563654	0.005556624175049364	0.007150910421534626	0.005023378322453936
T[T>G]T	0.0004976504680307698	0.010700406733434647	0.009268378766544629	0.012181722472829278	0.013563315668492578	0.01779864314896986	0.01301655738952104	0.012368852627230809	0.01133812269946793
