MutationType	SBS96A	SBS96B	SBS96C	SBS96D	SBS96E	SBS96F	SBS96G	SBS96H	SBS96I
A[C>A]A	1.53E-05	2.85E-04	3.63E-04	2.38E-04	4.24E-04	3.14E-04	3.45E-04	3.31E-04	3.06E-04
A[C>A]C	8.14E-06	2.81E-04	2.58E-04	2.25E-04	3.19E-04	2.56E-04	3.30E-04	2.77E-04	2.37E-04
A[C>A]G	5.28E-06	7.52E-05	8.47E-05	6.97E-05	9.31E-05	1.06E-04	9.57E-05	9.01E-05	1.23E-04
A[C>A]T	1.04E-05	3.05E-04	2.58E-04	2.35E-04	3.30E-04	3.25E-04	3.56E-04	2.65E-04	2.41E-04
A[C>G]A	1.24E-05	2.03E-04	2.01E-04	2.68E-04	3.15E-04	2.42E-04	2.77E-04	2.37E-04	1.88E-04
A[C>G]C	7.54E-06	1.23E-04	1.13E-04	1.30E-04	1.52E-04	1.52E-04	1.43E-04	1.42E-04	1.16E-04
A[C>G]G	3.82E-06	1.08E-04	1.12E-04	1.19E-04	1.44E-04	2.17E-04	1.26E-04	8.15E-05	9.83E-05
A[C>G]T	1.31E-05	1.90E-04	1.94E-04	2.17E-04	2.67E-04	2.31E-04	2.52E-04	1.92E-04	1.53E-04
A[C>T]A	1.71E-05	2.55E-04	2.75E-04	2.17E-04	3.17E-04	2.51E-04	3.34E-04	2.82E-04	2.81E-04
A[C>T]C	1.13E-05	1.52E-04	1.58E-04	1.42E-04	1.86E-04	1.52E-04	2.01E-04	1.68E-04	1.61E-04
A[C>T]G	3.62E-05	3.22E-04	1.03E-03	5.62E-04	5.96E-04	5.41E-04	6.29E-04	1.09E-03	7.92E-04
A[C>T]T	1.36E-05	2.88E-04	2.71E-04	2.40E-04	3.49E-04	3.09E-04	3.29E-04	1.98E-04	2.42E-04
A[T>A]A	9.81E-06	2.91E-04	1.76E-04	1.80E-04	2.96E-04	2.27E-04	2.72E-04	3.39E-04	1.96E-04
A[T>A]C	8.87E-06	1.69E-04	1.52E-04	1.45E-04	1.86E-04	1.67E-04	1.91E-04	1.89E-04	1.84E-04
A[T>A]G	7.86E-06	2.14E-04	1.92E-04	1.37E-04	2.75E-04	1.86E-04	2.38E-04	2.39E-04	1.68E-04
A[T>A]T	9.70E-06	3.55E-04	3.66E-04	2.60E-04	4.43E-04	2.97E-04	3.52E-04	4.51E-04	2.91E-04
A[T>C]A	1.14E-05	2.96E-04	3.02E-04	2.46E-04	3.37E-04	2.58E-04	3.09E-04	3.30E-04	2.79E-04
A[T>C]C	6.65E-06	1.44E-04	1.37E-04	1.34E-04	1.65E-04	1.75E-04	1.81E-04	1.44E-04	1.36E-04
A[T>C]G	1.10E-05	1.74E-04	1.70E-04	1.63E-04	2.02E-04	1.78E-04	2.15E-04	1.96E-04	1.82E-04
A[T>C]T	1.12E-05	3.25E-04	2.65E-04	2.49E-04	3.51E-04	2.88E-04	3.84E-04	3.04E-04	2.60E-04
A[T>G]A	5.41E-06	1.43E-04	1.43E-04	1.35E-04	1.84E-04	1.79E-04	1.84E-04	1.96E-04	1.47E-04
A[T>G]C	5.93E-06	8.85E-05	6.88E-05	9.24E-05	1.29E-04	1.26E-04	1.28E-04	1.30E-04	1.23E-04
A[T>G]G	4.61E-06	1.44E-04	1.32E-04	1.50E-04	1.73E-04	1.42E-04	1.43E-04	1.34E-04	7.58E-05
A[T>G]T	3.31E-06	1.72E-04	1.50E-04	2.41E-04	3.10E-04	2.30E-04	2.63E-04	1.80E-04	1.49E-04
C[C>A]A	1.12E-05	1.95E-04	2.26E-04	2.13E-04	2.48E-04	2.65E-04	2.80E-04	2.78E-04	2.09E-04
C[C>A]C	1.05E-05	2.77E-04	2.27E-04	2.56E-04	3.73E-04	3.26E-04	3.42E-04	3.20E-04	1.83E-04
C[C>A]G	4.71E-06	7.66E-05	6.70E-05	6.80E-05	8.71E-05	1.13E-04	8.04E-05	7.92E-05	8.71E-05
C[C>A]T	1.17E-05	2.61E-04	2.68E-04	2.12E-04	3.44E-04	3.43E-04	3.25E-04	2.54E-04	2.19E-04
C[C>G]A	1.32E-05	1.68E-04	1.72E-04	1.61E-04	2.08E-04	1.83E-04	1.88E-04	1.38E-04	8.94E-05
C[C>G]C	8.29E-06	1.32E-04	1.45E-04	1.31E-04	1.66E-04	1.48E-04	1.74E-04	1.36E-04	9.20E-05
C[C>G]G	5.37E-06	8.55E-05	8.64E-05	1.01E-04	1.13E-04	1.44E-04	1.08E-04	8.87E-05	1.21E-04
C[C>G]T	1.56E-05	2.28E-04	2.45E-04	2.02E-04	2.74E-04	2.32E-04	2.61E-04	1.87E-04	1.78E-04
C[C>T]A	2.37E-05	2.51E-04	2.83E-04	2.15E-04	3.15E-04	2.09E-04	3.05E-04	2.82E-04	2.75E-04
C[C>T]C	1.37E-05	2.70E-04	2.67E-04	1.96E-04	3.10E-04	1.64E-04	3.22E-04	2.60E-04	2.53E-04
C[C>T]G	2.43E-05	1.93E-04	6.25E-04	3.67E-04	4.20E-04	3.23E-04	4.63E-04	6.40E-04	4.08E-04
C[C>T]T	1.75E-05	2.93E-04	2.77E-04	2.35E-04	3.31E-04	2.66E-04	3.68E-04	2.56E-04	2.65E-04
C[T>A]A	6.37E-06	1.67E-04	1.13E-04	1.60E-04	2.22E-04	1.63E-04	2.16E-04	2.24E-04	7.94E-05
C[T>A]C	6.87E-06	1.62E-04	1.53E-04	1.62E-04	2.16E-04	1.61E-04	2.13E-04	2.10E-04	1.60E-04
C[T>A]G	6.34E-06	1.50E-04	1.43E-04	2.00E-04	2.24E-04	1.69E-04	2.08E-04	2.09E-04	1.29E-04
C[T>A]T	4.62E-06	2.73E-04	2.18E-04	1.82E-04	2.80E-04	2.42E-04	2.87E-04	1.82E-04	1.56E-04
C[T>C]A	5.55E-06	1.40E-04	1.43E-04	1.45E-04	1.78E-04	1.52E-04	1.54E-04	1.61E-04	1.24E-04
C[T>C]C	8.21E-06	2.20E-04	2.03E-04	1.43E-04	2.60E-04	2.48E-04	2.65E-04	1.96E-04	1.76E-04
C[T>C]G	9.78E-06	1.72E-04	1.49E-04	1.59E-04	2.00E-04	1.81E-04	2.07E-04	2.01E-04	1.95E-04
C[T>C]T	9.51E-06	2.17E-04	2.35E-04	2.09E-04	2.85E-04	2.25E-04	2.92E-04	1.92E-04	1.45E-04
C[T>G]A	1.32E-06	9.83E-05	8.59E-05	1.02E-04	1.26E-04	1.03E-04	1.29E-04	9.61E-05	6.24E-05
C[T>G]C	4.63E-06	1.24E-04	9.45E-05	1.13E-04	1.53E-04	1.34E-04	1.47E-04	1.12E-04	1.11E-04
C[T>G]G	7.73E-06	1.10E-04	1.44E-04	1.32E-04	1.53E-04	1.31E-04	1.44E-04	1.19E-04	1.09E-04
C[T>G]T	4.73E-06	3.75E-04	2.47E-04	3.02E-04	4.76E-04	3.35E-04	4.76E-04	2.75E-04	1.68E-04
G[C>A]A	1.26E-05	2.54E-04	3.21E-04	1.71E-04	2.77E-04	2.64E-04	2.82E-04	2.52E-04	2.96E-04
G[C>A]C	8.76E-06	2.35E-04	2.09E-04	1.64E-04	2.97E-04	2.12E-04	2.80E-04	2.26E-04	1.98E-04
G[C>A]G	4.24E-06	4.55E-05	6.70E-05	5.48E-05	7.19E-05	6.02E-05	7.09E-05	6.75E-05	8.71E-05
G[C>A]T	8.89E-06	1.81E-04	2.19E-04	1.49E-04	2.17E-04	1.99E-04	2.29E-04	1.73E-04	2.22E-04
G[C>G]A	8.08E-06	1.39E-04	1.09E-04	1.34E-04	1.65E-04	1.36E-04	1.77E-04	1.48E-04	1.16E-04
G[C>G]C	6.92E-06	1.43E-04	1.02E-04	1.28E-04	1.76E-04	1.35E-04	1.56E-04	1.46E-04	1.12E-04
G[C>G]G	4.82E-06	5.14E-05	3.72E-05	7.00E-05	7.35E-05	7.35E-05	6.44E-05	4.35E-05	6.68E-05
G[C>G]T	1.19E-05	1.59E-04	1.45E-04	1.63E-04	1.96E-04	1.95E-04	1.83E-04	1.82E-04	1.10E-04
G[C>T]A	1.61E-05	2.16E-04	2.46E-04	1.70E-04	2.75E-04	1.93E-04	2.67E-04	2.35E-04	2.20E-04
G[C>T]C	1.33E-05	2.12E-04	2.23E-04	1.70E-04	2.55E-04	1.55E-04	2.69E-04	2.10E-04	2.05E-04
G[C>T]G	2.44E-05	2.23E-04	6.40E-04	4.08E-04	4.33E-04	4.41E-04	4.39E-04	6.83E-04	4.74E-04
G[C>T]T	1.49E-05	2.02E-04	2.15E-04	1.89E-04	2.43E-04	1.84E-04	2.49E-04	2.03E-04	2.12E-04
G[T>A]A	4.95E-06	1.13E-04	9.29E-05	1.02E-04	1.22E-04	1.29E-04	1.32E-04	1.17E-04	9.60E-05
G[T>A]C	5.54E-06	1.14E-04	9.20E-05	1.04E-04	1.44E-04	1.10E-04	1.35E-04	1.30E-04	1.16E-04
G[T>A]G	6.43E-06	1.07E-04	1.04E-04	1.02E-04	1.31E-04	1.18E-04	1.32E-04	1.35E-04	1.03E-04
G[T>A]T	4.33E-06	1.45E-04	1.54E-04	1.45E-04	1.89E-04	1.60E-04	1.95E-04	1.61E-04	1.59E-04
G[T>C]A	7.66E-06	1.45E-04	1.58E-04	1.45E-04	1.90E-04	1.45E-04	1.91E-04	1.85E-04	1.53E-04
G[T>C]C	6.00E-06	1.12E-04	1.07E-04	1.24E-04	1.44E-04	1.21E-04	1.46E-04	1.24E-04	1.13E-04
G[T>C]G	6.70E-06	1.26E-04	1.24E-04	1.42E-04	1.75E-04	1.58E-04	1.79E-04	1.58E-04	1.79E-04
G[T>C]T	7.02E-06	2.03E-04	1.85E-04	1.54E-04	2.27E-04	1.84E-04	2.28E-04	2.20E-04	1.79E-04
G[T>G]A	4.52E-06	1.08E-04	7.14E-05	1.27E-04	1.60E-04	1.27E-04	1.30E-04	1.09E-04	7.61E-05
G[T>G]C	4.27E-06	7.75E-05	5.89E-05	8.10E-05	9.35E-05	7.50E-05	8.90E-05	6.03E-05	8.58E-05
G[T>G]G	1.02E-05	1.65E-04	1.34E-04	2.03E-04	2.44E-04	1.92E-04	2.35E-04	1.79E-04	1.75E-04
G[T>G]T	5.53E-06	1.61E-04	1.18E-04	1.64E-04	2.24E-04	1.72E-04	2.05E-04	1.41E-04	1.21E-04
T[C>A]A	4.06E-05	4.00E-04	4.02E-04	4.22E-04	5.67E-04	2.70E-04	4.73E-04	3.66E-04	4.44E-04
T[C>A]C	2.31E-05	1.97E-04	1.98E-04	2.29E-04	2.60E-04	2.04E-04	2.43E-04	2.19E-04	2.22E-04
T[C>A]G	1.01E-05	5.30E-05	7.78E-05	3.60E-05	6.74E-05	6.67E-05	8.52E-05	9.30E-05	8.58E-05
T[C>A]T	3.31E-05	4.40E-04	5.65E-04	5.61E-04	7.25E-04	3.77E-04	5.43E-04	4.89E-04	5.89E-04
T[C>G]A	1.03E-04	3.07E-04	5.78E-04	7.95E-04	1.02E-03	2.76E-04	3.98E-04	4.95E-04	5.59E-04
T[C>G]C	5.09E-05	2.63E-04	3.77E-04	3.79E-04	4.77E-04	2.76E-04	2.99E-04	2.58E-04	3.18E-04
T[C>G]G	1.73E-05	4.56E-05	5.54E-05	1.32E-04	1.41E-04	1.29E-04	9.24E-05	5.47E-05	1.35E-04
T[C>G]T	1.23E-04	5.23E-04	9.76E-04	1.12E-03	1.39E-03	5.65E-04	5.90E-04	5.96E-04	5.17E-04
T[C>T]A	1.57E-04	5.19E-04	9.80E-04	4.04E-04	6.85E-04	7.03E-04	1.22E-03	1.09E-03	7.80E-04
T[C>T]C	6.13E-05	4.33E-04	5.41E-04	3.62E-04	5.32E-04	3.15E-04	6.67E-04	6.15E-04	4.81E-04
T[C>T]G	4.38E-05	1.17E-04	5.75E-04	2.86E-04	3.24E-04	3.19E-04	3.80E-04	6.03E-04	4.25E-04
T[C>T]T	8.98E-05	4.92E-04	6.51E-04	4.65E-04	6.14E-04	4.69E-04	8.96E-04	7.57E-04	5.76E-04
T[T>A]A	1.11E-05	3.13E-04	3.65E-04	2.29E-04	3.54E-04	2.71E-04	3.91E-04	4.24E-04	3.21E-04
T[T>A]C	5.45E-06	1.51E-04	1.34E-04	1.39E-04	2.03E-04	1.86E-04	1.72E-04	1.95E-04	1.13E-04
T[T>A]G	4.70E-06	1.00E-04	9.80E-05	9.87E-05	1.18E-04	1.14E-04	1.34E-04	1.04E-04	1.01E-04
T[T>A]T	7.37E-06	2.76E-04	2.74E-04	2.19E-04	3.21E-04	3.28E-04	2.82E-04	3.05E-04	1.71E-04
T[T>C]A	7.25E-06	1.84E-04	1.78E-04	1.51E-04	2.23E-04	1.76E-04	2.05E-04	2.24E-04	1.64E-04
T[T>C]C	9.86E-06	2.01E-04	2.18E-04	1.76E-04	2.22E-04	2.24E-04	2.06E-04	2.41E-04	1.90E-04
T[T>C]G	6.16E-06	1.17E-04	1.16E-04	1.04E-04	1.24E-04	1.23E-04	1.36E-04	1.22E-04	1.06E-04
T[T>C]T	8.37E-06	2.08E-04	1.73E-04	1.81E-04	2.65E-04	1.98E-04	2.51E-04	2.27E-04	1.80E-04
T[T>G]A	4.42E-06	1.16E-04	1.03E-04	1.32E-04	1.70E-04	1.21E-04	1.53E-04	1.24E-04	8.17E-05
T[T>G]C	3.59E-06	8.89E-05	9.01E-05	9.75E-05	1.13E-04	1.18E-04	1.15E-04	1.09E-04	1.02E-04
T[T>G]G	4.30E-06	1.34E-04	1.18E-04	1.67E-04	1.87E-04	1.49E-04	1.66E-04	1.69E-04	1.39E-04
T[T>G]T	8.07E-06	2.19E-04	1.98E-04	2.46E-04	3.12E-04	2.60E-04	2.82E-04	2.23E-04	2.29E-04
