chr1	83	105	49.31578947368421
chr1	106	126	16.57894736842105
chr1	149	201	16.68421052631579	36.608695652173914	59.0
chr1	202	220	99.42105263157895
chr1	221	239	48.5
chr1	240	256	56.375
chr1	257	293	17.944444444444443	7.818181818181818
chr1	406	436	11.555555555555555	26.4
chr1	437	477	22.88888888888889	32.22222222222222
chr1	563	593	31.142857142857142	109.66666666666667
chr1	594	621	24.347826086956523	24.0
chr1	651	681	20.727272727272727	45.142857142857146
chr1	682	717	183.77272727272728	13.545454545454545
chr1	718	723	4.833333333333333
chr1	756	786	19.705882352941178	9.0
chr1	787	821	26.11764705882353	33.875
chr1	1154	1179	27.11111111111111	13.0
chr1	1180	1203	62.68421052631579
chr1	2313	2334	25.647058823529413
chr1	2335	2358	16.0
chr1	2359	2379	15.5
chr1	2458	2481	24.470588235294116
chr1	2482	2509	38.294117647058826	120.0
chr1	2510	2527	35.92857142857143
chr1	2540	2558	15.0
chr1	2559	2586	18.933333333333334	14.0
chr1	2587	2614	14.944444444444445	8.0
chr1	2622	2638	25.1
chr1	3261	3298	23.681818181818183	10.555555555555555
chr1	3299	3336	23.842105263157894	40.18181818181818
chr1	3337	3355	15.5625
chr1	3461	3490	19.27777777777778	41.25
chr1	3491	3529	24.5	22.625
chr1	3530	3547	15.2
chr1	3548	3578	17.4	4.5
chr1	3579	3615	43.07142857142857	21.25
chr1	4897	4909	27.727272727272727
chr1	4937	4959	18.142857142857142
chr1	5020	5032	30.181818181818183
chr1	5271	5295	53.666666666666664	12.0
chr1	5296	5336	53.583333333333336	12.285714285714286
chr1	5337	5351	40.5
chr1	5352	5396	50.666666666666664	21.9
chr1	5397	5421	11.0	8.0
chr1	5422	5463	15.470588235294118	20.923076923076923
chr1	5475	5496	24.857142857142858
chr1	5497	5520	41.8
chr1	5736	5753	10.9
chr1	5754	5771	12.833333333333334
chr1	6265	6282	19.3
chr1	6283	6300	109.57142857142857
chr1	6640	6666	24.36842105263158	24.0
chr1	6667	6684	12.714285714285714
chr1	6685	6695	27.22222222222222
chr1	7013	7032	16.071428571428573
chr1	7033	7057	36.31578947368421	8.0
chr1	7058	7086	16.35	59.0
chr1	7087	7110	14.777777777777779
chr1	7111	7155	24.63157894736842	11.2
chr1	7156	7166	98.33333333333333
chr1	7850	7869	34.93333333333333
chr1	7870	7888	9.181818181818182
chr1	7923	7944	63.46153846153846
chr1	7945	7964	29.0
chr1	7965	7991	16.714285714285715	8.5
chr1	7992	8020	21.0	38.8
chr1	8021	8050	34.9375	30.0
chr1	8051	8085	25.285714285714285	37.0
chr1	8086	8127	49.25	14.142857142857142
chr1	8143	8179	20.904761904761905	41.90909090909091
chr1	8180	8207	12.333333333333334	74.66666666666667
chr1	8208	8220	8.571428571428571
chr1	8392	8410	26.833333333333332
chr1	8411	8428	9.555555555555555
chr1	8840	8869	12.066666666666666	4.333333333333333
chr1	8870	8899	28.210526315789473	18.8
chr1	9457	9475	31.5
chr1	9476	9505	37.625	14.666666666666666
chr1	9506	9524	27.0
chr1	10164	10187	25.3
chr1	10188	10205	25.214285714285715
chr1	10206	10228	32.63636363636363
chr1	10229	10260	46.5	22.285714285714285
chr1	11244	11267	21.5625
chr1	11268	11285	13.733333333333333
chr1	11286	11324	21.65	11.916666666666666
chr1	12969	12987	37.4
chr1	12988	13015	27.916666666666668	4.0
chr1	13422	13442	29.466666666666665
chr1	13443	13460	37.15384615384615
chr1	13461	13477	12.0
chr1	13757	13776	16.0
chr1	13777	13795	12.5
chr1	13817	13831	13.857142857142858
chr1	13832	13849	7.7272727272727275
chr1	13957	13972	18.7
chr1	13973	13988	9.363636363636363
chr1	14055	14120	9.555555555555555	28.0	48.642857142857146
chr1	14121	14160	8.8	5.125
chr1	14388	14409	48.214285714285715
chr1	14410	14433	16.066666666666666
chr1	14447	14463	6.125
chr1	14464	14479	8.666666666666666
chr1	14486	14508	20.666666666666668
chr1	14509	14531	11.666666666666666
chr1	14556	14574	18.625
chr1	14575	14598	47.0
chr1	14599	14640	22.818181818181817	22.6
chr1	14972	15009	28.333333333333332	12.2
chr1	15010	15030	39.142857142857146
chr1	15031	15080	11.538461538461538	18.8	14.0
chr1	15083	15110	13.1	15.0
chr1	15111	15135	17.7	nan
chr1	16095	16174	41.45454545454545	7.083333333333333	12.153846153846153	30.2
chr1	16175	16186	36.8
chr1	17020	17036	12.25
chr1	17037	17082	25.333333333333332	20.214285714285715
chr1	17083	17122	31.0	33.07692307692308
chr1	17123	17165	35.26315789473684	9.333333333333334
chr1	17166	17203	26.8	16.625
chr1	17204	17221	10.909090909090908
chr1	17222	17247	10.9	40.5
chr1	17248	17281	34.666666666666664	84.0
chr1	17282	17304	52.76923076923077
chr1	17305	17331	8.7	92.0
chr1	17538	17559	37.46153846153846
chr1	18070	18108	40.15384615384615	33.333333333333336
chr1	18109	18131	48.25
chr1	18132	18150	20.0
chr1	18151	18173	25.923076923076923
chr1	18174	18206	37.93333333333333	13.666666666666666
chr1	18207	18228	18.818181818181817
chr1	18229	18253	25.727272727272727	nan
chr1	18254	18279	31.8	4.0
chr1	18280	18307	19.333333333333332	16.0
chr1	18308	18328	38.333333333333336
chr1	18795	18819	36.5625	nan
chr1	18820	18846	22.8	9.0
chr1	18847	18871	26.0	nan
chr1	19425	19490	5.333333333333333	7.928571428571429	37.714285714285715
chr1	19491	19517	23.153846153846153	42.0
chr1	19518	19545	60.75	12.0
chr1	19973	19999	43.09090909090909	76.33333333333333
chr1	20240	20275	19.466666666666665	70.11111111111111
chr1	20276	20297	22.333333333333332
chr1	20298	20317	13.75
chr1	20318	20336	16.23076923076923
chr1	20337	20361	7.928571428571429	1.0
chr1	20362	20410	21.1875	28.0	8.0
chr1	20833	20854	23.9
chr1	20855	20882	8.0	5.0
chr1	20883	20907	8.714285714285714	nan
chr1	20914	20928	7.5
chr1	20929	20945	48.714285714285715
chr1	21130	21239	68.375	16.0	21.636363636363637	38.833333333333336	15.285714285714286
chr1	22614	22667	28.571428571428573	17.333333333333332	10.666666666666666
chr1	22668	22677	15.875
chr1	22779	22801	31.642857142857142
chr1	22802	22822	12.4
chr1	22825	22859	15.0	59.25
chr1	22860	22887	22.833333333333332	13.0
chr1	22888	22912	16.1	nan
chr1	23235	23250	48.111111111111114
chr1	23251	23265	13.7
chr1	23286	23304	22.11111111111111
chr1	23362	23377	14.375
chr1	23378	23393	13.5
chr1	23725	23755	20.214285714285715	42.25
chr1	23756	23796	20.0	9.125
chr1	23969	23991	21.58823529411765
chr1	23992	24023	42.6	71.25
chr1	24024	24051	41.86666666666667	15.75
chr1	24052	24068	12.083333333333334
chr1	24069	24097	24.77777777777778	87.4
chr1	25195	25215	33.357142857142854
chr1	25216	25243	38.375	89.0
chr1	25244	25275	27.5	50.875
chr1	25278	25301	16.736842105263158
chr1	25302	25325	37.1764705882353
chr1	25379	25406	9.375	18.5
chr1	25452	25467	67.35714285714286
chr1	25470	25510	60.81818181818182	40.470588235294116
chr1	25511	25548	67.125	51.5
chr1	25549	25577	86.04347826086956	61.4
chr1	26218	26241	24.866666666666667
chr1	26242	26262	35.4
chr1	26263	26270	44.8
chr1	26533	26552	25.0
chr1	26555	26569	15.9
chr1	26742	26819	29.25	22.1	75.2	11.0
chr1	26820	26860	62.63636363636363	62.833333333333336
chr1	26917	26957	62.7	45.30769230769231
chr1	26958	26995	26.466666666666665	27.0
chr1	27006	27057	26.923076923076923	37.55555555555556	1.0
chr1	27058	27075	48.75
chr1	27076	27100	17.181818181818183	nan
chr1	27464	27485	40.0
chr1	27533	27550	20.176470588235293
chr1	27551	27577	28.3	69.66666666666667
chr1	27578	27607	31.761904761904763	49.25
chr1	27608	27622	35.785714285714285
chr1	27623	27642	48.21052631578947
chr1	27643	27667	25.782608695652176	nan
chr1	27928	27943	38.42857142857143
chr1	27944	27960	54.833333333333336
chr1	27974	27995	38.888888888888886
chr1	28012	28027	16.5
chr1	28028	28043	10.266666666666667
chr1	28064	28093	103.8695652173913	123.0
chr1	28094	28117	20.208333333333332
chr1	28781	28812	24.142857142857142	47.75
chr1	28813	28845	37.78260869565217	69.625
chr1	28865	28899	113.58333333333333	96.72727272727273
chr1	28900	28949	64.47826086956522	26.736842105263158	nan
chr1	29025	29051	32.25	17.5
chr1	29547	29581	50.45	32.6
chr1	29582	29612	39.90909090909091	13.0
chr1	29621	29641	47.1578947368421
chr1	29642	29691	38.333333333333336	55.95	156.5
chr1	29692	29711	81.85
chr1	29712	29733	85.0909090909091
chr1	29734	29748	198.06666666666666
chr1	29749	29780	170.16666666666666	141.125
chr1	29781	29811	50.26315789473684	49.0
chr1	29812	29834	48.22727272727273
chr1	29835	29855	41.142857142857146
chr1	29856	29866	170.54545454545453