MutationType	SBS96A	SBS96B	SBS96C	SBS96D	SBS96E	SBS96F	SBS96G	SBS96H
A[C>A]A	0.0017921965846326201	0.026719284570310264	0.021436378884129227	0.004670226579687512	0.0285331307023298	0.017090853501751553	0.011617716656565337	0.02292427531280555
A[C>A]C	0.00020021653753327017	0.02202131891436875	0.013102579627731757	0.008699911241856172	0.01741993187519256	0.018599355602636935	0.01853792365710251	0.015347533363848925
A[C>A]G	0.0002552583855699595	0.0027728409050560635	0.0012399625317048048	0.0011093271221761824	0.0015675689404133558	0.005846011515357532	0.002385920963184617	0.005370723706233548
A[C>A]T	0.0004752148593761376	0.023830149503424762	0.012060445518261987	0.008713660524422604	0.015103124661870264	0.02034695303742774	0.008428969044733094	0.01259593746700557
A[C>G]A	0.0021404433199204505	0.012228499521035701	0.006865901011733513	0.01837642417382449	0.012095739221740492	0.023420821772888303	0.010203510226630897	0.0037467580519441983
A[C>G]C	0.0007535246795741841	0.00960029179463163	0.00678519357694313	0.008188231432926841	0.006560593906615395	0.01195379965682514	0.006546820856630802	0.005625435155059677
A[C>G]G	9.133207897812668e-05	0.0022121385517179988	0.002624075872091225	0.002370946698893704	0.0012791277208054352	0.013952288532629609	0.0015215558682380105	0.0011513718162361357
A[C>G]T	0.0019103263157885522	0.0130473372801207	0.008748176663706544	0.02235232469625771	0.013407237563515082	0.01738856563763693	0.006821072585742514	0.004825951310177671
A[C>T]A	0.0037150283521041275	0.01901856670482084	0.023949417242081834	0.005087506916827114	0.020886476142564787	0.018399902180535718	0.01725440185586922	0.02050974712567404
A[C>T]C	0.0014791099429130555	0.007678600822808221	0.010231580960506107	0.01336107525601983	0.009592285509369849	0.007012287403922528	0.004552173590735396	0.013272153629222884
A[C>T]G	0.0017960640494417426	0.005821693201901295	0.049794369662180545	0.015424847070843191	0.011783700077022967	0.01426968050670735	0.03287073971062215	0.08129226176440715
A[C>T]T	0.002010126211447641	0.020723479758715257	0.0175384006628301	0.010110533623847005	0.012253356373446878	0.016843752150889485	0.005304342560442103	0.009498328031149868
A[T>A]A	0.0010530240095686168	0.010357990774820792	0.004593789007808704	0.005563572489336366	0.010872766466025497	0.004430854803391015	0.022325409419368954	0.005798226716550733
A[T>A]C	0.0007198709844815312	0.00848955707368441	0.005486544047853386	0.006780824251647573	0.007550332298269496	0.0063529599439352755	0.010782195896143104	0.012514598452835344
A[T>A]G	0.0005009606984240235	0.013931601057993247	0.0065065498520270925	0.003163489069964271	0.007839566867007307	0.010881148051994386	0.012224291381426156	0.008723611059132963
A[T>A]T	0.0001743337098647674	0.015517318166064798	0.013886323798448298	0.00599154010274365	0.011090459921747016	0.010672769212637285	0.03371743858372793	0.011140659121971111
A[T>C]A	0.000481768267455178	0.01881740643735975	0.01748379835643557	0.012109721222677762	0.020885637240484357	0.009484959431808306	0.030710559220053255	0.015024033708847128
A[T>C]C	0.00028806789969894456	0.008587895869277417	0.006776227796683088	0.007549564626300707	0.006409031901101116	0.013458362981677055	0.005572978229232831	0.008885963454842567
A[T>C]G	0.0007943046516447794	0.012405939932446926	0.010932989834342152	0.015263212113175542	0.012247142159729265	0.010335273095523007	0.013919887722702697	0.013786548347212374
A[T>C]T	0.00040492692951559124	0.017417745293932967	0.017719024430494754	0.01871340522263199	0.020650254137144657	0.0175614052482415	0.01661387829075102	0.017889579198643334
A[T>G]A	0.00015741553258698105	0.0032064149236515505	0.0035859408541509766	0.0036776422040202305	0.006076445298065664	0.008985697263036855	0.01381599365035072	0.0031553324577398597
A[T>G]C	0.0002659782124428602	0.0013722406421584352	0.0008891977610526658	0.0021586303440635692	0.0026099704872249276	0.004701087756987985	0.007446080944908317	0.0025744977032612438
A[T>G]G	0.00010362295366850027	0.007226133910007775	0.0030117183056881628	0.010287830873858183	0.005315071594057372	0.012511040588957257	0.0033115122260463955	0.00041900391429953743
A[T>G]T	5.4885615785678966e-05	0.002150462274723407	0.0036839377531485283	0.011121275909128599	0.011040754989900078	0.006333319724062676	0.0082253177294333	0.0024832921734899856
C[C>A]A	0.0012883330865879543	0.023913530447520315	0.016103135297773404	0.013849923245448736	0.01933758710185066	0.016569660743349233	0.014551141916570486	0.011619438215944683
C[C>A]C	0.0009043955802335404	0.024857655473053457	0.008287121559958905	0.00970449254658888	0.0119488342621911	0.01467646624916233	0.009179674430595771	0.005296922365378123
C[C>A]G	0.000278893831193276	0.002333012419843726	0.001375287484069364	0.001007714395255789	0.001371517327713235	0.006413059586280724	0.0022874299749964847	0.003513821573622408
C[C>A]T	0.0007609405568800866	0.023010420742910355	0.016903445581905544	0.003916695020921479	0.0148174405553616	0.014475481286208378	0.007894753790831828	0.007044777598581277
C[C>G]A	0.002729929932858795	0.011584220171440392	0.007021829743194024	0.013256358481477945	0.00864337475359207	0.01242050259836833	0.0031460885909180714	0.0013222203233840854
C[C>G]C	0.0006949117650219705	0.010481013566954061	0.00517241840925999	0.008064945521065965	0.009666487675509415	0.008189232840260956	0.003549195866682743	0.0018085248507049981
C[C>G]G	0.00039985975861782207	0.0020168986118880255	0.001752065723381764	0.0030506746630055153	0.0016215654870993604	0.008578889120777602	0.0024123383344813194	0.00229351207392574
C[C>G]T	0.0031837745336815715	0.01620114516140893	0.011323451238917186	0.01828710390580818	0.013143718310224359	0.010159884167143725	0.004447098673699657	0.005276682212235822
C[C>T]A	0.009360612988471986	0.012626631923136301	0.014550724474255667	0.006692545818630688	0.015987677958328277	0.010240761827342794	0.015833158338209613	0.023724999373778703
C[C>T]C	0.002587165253702551	0.010710662083583889	0.011281433145981281	0.006428930584756017	0.013841654571238905	0.0032694144851704993	0.013126095104496926	0.018104900569189338
C[C>T]G	0.004240276574157179	0.003354927571586814	0.026400093229196644	0.010122508845031866	0.00700130497636019	0.01048867094917234	0.014539218350668591	0.05016628869250417
C[C>T]T	0.00525721375271678	0.020152292572893204	0.020416010956745598	0.013740419052541256	0.0175120248044841	0.015333991364531827	0.0074419196274481915	0.021922149339749012
C[T>A]A	0.00030186162211475674	0.009583779293345288	0.0024574375004158353	0.0050939722941984655	0.010034486527409172	0.009536571283460945	0.009388627169886603	0.0009247782550592145
C[T>A]C	0.0004408954617101699	0.014282861116342246	0.004126427281538781	0.005983884717738363	0.010734206120439922	0.013544119988568127	0.006934673849005776	0.005327477388054831
C[T>A]G	0.00020701874347605554	0.011268090757075697	0.003910334386234609	0.006882478777988581	0.012027756192372181	0.014330586821306496	0.008135222815908491	0.002745030880745617
C[T>A]T	8.09786189563113e-05	0.017176231066696347	0.009770715211809148	0.007026537680266419	0.012730045128060738	0.023290357760153712	0.004479963554658505	0.0038031884076644928
C[T>C]A	0.00013987416074087377	0.01008529941085726	0.007012354931808659	0.010276118617039174	0.005289942340781636	0.01004856794702937	0.0078071948134092965	0.005578602572379168
C[T>C]C	0.0005799236008024309	0.01371447879401967	0.00911358966503758	0.002363167243819888	0.008290656854485861	0.01962644399807323	0.008677970047923736	0.006225977765076095
C[T>C]G	0.0009872461814084091	0.007935380577575415	0.00521392794683652	0.013366082744672894	0.009791520157974446	0.009010600887006148	0.010771301883971319	0.006451178682618774
C[T>C]T	0.0005019815683481283	0.012602426706260304	0.011698143484594766	0.011284329739399255	0.017264018725953064	0.0057937512450464135	0.0057910139893015185	0.004902465015044072
C[T>G]A	1.4538433112392112e-05	0.0027690357067378644	0.002788784915479482	0.004105996520021108	0.00522840195610479	0.005917855562875047	0.0035851875537482557	0.0014022019053824318
C[T>G]C	0.00021890629867448298	0.0037783883297961437	0.002486039307612373	0.002876827367770602	0.006910204118292313	0.006103692606615368	0.004295319113269216	0.0027289133777230745
C[T>G]G	0.0002345038360936087	0.0075889972182922065	0.005641086287534563	0.012698729085968807	0.0071468069284019295	0.008107187664776574	0.003603671255383233	0.0029357283334720706
C[T>G]T	5.1532357033486164e-05	0.005962187225524731	0.008993671876552981	0.009023812035398508	0.01816547233099517	0.007861273320889626	0.010884073179331608	0.0043026307859222075
G[C>A]A	0.0011439163770410232	0.012942816916562152	0.016729801877285354	0.0027086148747480737	0.008597606006365255	0.023306711659301073	0.006953398290664633	0.020308216591132806
G[C>A]C	0.000522329355138936	0.01617518782778643	0.007176852316458025	0.00328275238597394	0.014090915787965059	0.00467064841260435	0.010474830219638534	0.008266652423306368
G[C>A]G	0.0002456445206880744	0.0008602803130671595	0.001815455169067718	0.0011601328903848315	0.001975476046099101	0.0017023515686117596	0.0013478392308282577	0.004736992260572151
G[C>A]T	0.0005091328451089794	0.013481062953476794	0.012983056743163615	0.0042248109814552095	0.010932584402816399	0.011762444568797947	0.00424185404443719	0.011642951609566807
G[C>G]A	0.0008638935665949247	0.007710757400607691	0.0030277935221165535	0.0068406087644125365	0.005833660388598219	0.008604257260332815	0.005624193365928391	0.004082571023873257
G[C>G]C	0.0005073044265591307	0.009141090532764792	0.003805540442503116	0.005349540869065095	0.0045629327588084575	0.005044148846975211	0.005779919479944521	0.00460773273169616
G[C>G]G	0.00022899696757610854	0.0013016810248263936	0.000344180235129798	0.0027127263119764394	0.0013171561188564738	0.004275823143194429	0.0007188316477549961	0.0008864404708318218
G[C>G]T	0.0015101169840199874	0.011153242472093552	0.003991722033353312	0.013740036541363224	0.007768629738746012	0.01411349237523973	0.00679403378551558	0.0017736169759948836
G[C>T]A	0.004562751537654549	0.012992209705756977	0.013329072284686844	0.0052228587809442775	0.015963875025045128	0.007118522308301181	0.010680706683837382	0.02048782979045063
G[C>T]C	0.0022201012626755982	0.010193756117834709	0.01196157553624289	0.0070526719813060485	0.01208094449993228	0.004948608309903648	0.0073937732372869516	0.01832630042405799
G[C>T]G	0.002840497017139569	0.004006806627618235	0.03047560656434507	0.011938871845137328	0.006559801693754293	0.015116197369614384	0.022413266056566024	0.0508086388669908
G[C>T]T	0.0029733299030922354	0.01284605257003568	0.011481516777246724	0.00967552046617493	0.013556645705597475	0.009475399233997145	0.010429561997414566	0.016855939858593048
G[T>A]A	0.00031449178633192787	0.007449341183993965	0.002365839349611747	0.003883922144679673	0.004213759934476912	0.009297776420484297	0.0034823223682906245	0.0021337305111883325
G[T>A]C	0.0002447138912430091	0.007472137704899069	0.002672969933180866	0.004723863852625072	0.005373750513288542	0.0026166967058612583	0.004030742288210604	0.0044583188408287245
G[T>A]G	0.0005044459974451456	0.008064453590195626	0.0028503456674608286	0.005104102423531003	0.004563220150252164	0.0065674991911073444	0.004501393699989422	0.003368616925856088
G[T>A]T	9.547333276823626e-05	0.011045501482090913	0.00416626906528756	0.0061024869690882045	0.010821960806148126	0.012703211427666247	0.004975636987022881	0.003623411035510799
G[T>C]A	0.0003595385230228203	0.007777148199864314	0.006460783525137231	0.008769308271934279	0.007603581744137045	0.0096929917428497	0.01183908562734723	0.00974930630158633
G[T>C]C	0.0003461431549894769	0.004679334419866821	0.004570109986627362	0.004232690969249234	0.006087955246912315	0.00961624940400361	0.006700163709263549	0.006604050463763997
G[T>C]G	0.0004848216017562663	0.004173377484836244	0.003329494497387473	0.007776414123247377	0.005285651205597739	0.010018395626277198	0.008348717831773683	0.0072156219839816915
G[T>C]T	0.00025436744444733963	0.007610005260445177	0.00763171567975748	0.005919050274333131	0.010977448179735802	0.006737624431465722	0.018346266834065317	0.012038446176797151
G[T>G]A	0.00014098848155731503	0.003321152830359148	0.0012539395151136433	0.005865444020186734	0.004641376227904471	0.006499912606697762	0.003544946010935746	0.0011507575845898829
G[T>G]C	0.00019238118822613613	0.003424187284137588	0.0012194055732688866	0.004019911274139303	0.003034086569183273	0.0029376455943929615	0.0008725793677731973	0.0023478296261600917
G[T>G]G	0.001162419502303237	0.006181816020820406	0.001781673246871219	0.006536577520289327	0.010471995531406719	0.012701936393976212	0.0059076477852722745	0.0030103175331860255
G[T>G]T	0.0002734273378250691	0.004160906112091956	0.0039037519549019635	0.005630086530428546	0.009401557911070994	0.009471965167787857	0.005667030447133031	0.00391824047578848
T[C>A]A	0.027342613629996775	0.02577612079679966	0.0258186811148189	0.014401331623084896	0.014140964497754092	0.0042538797029780745	0.01789391100150533	0.02473506920043107
T[C>A]C	0.010423664886504412	0.016948527361731976	0.018208089894149453	0.021266459577716886	0.01351611146012421	0.009462774191066274	0.009810562730330276	0.018065352007746695
T[C>A]G	0.0017063382458873094	0.0011361248731104753	0.0031915103004430422	0.0003970501312992078	0.002147199414030183	0.0020033518587551954	0.003649725798983127	0.0033834945262759186
T[C>A]T	0.014248001599684357	0.026786893629352562	0.04050030343979597	0.019864312562684065	0.020554577386705204	0.006624227201346573	0.01948602528063472	0.02061184072286521
T[C>G]A	0.15299576979875565	0.00615349750006774	0.011007347019877297	0.09029070139676333	0.011933262078585305	0.0027391202823030592	0.00650417154112607	0.006897317457357735
T[C>G]C	0.03152280059829354	0.010227284501423128	0.016436253009247594	0.045065334908664226	0.011626974839218924	0.01012619856063975	0.005231206577036625	0.009870797345880488
T[C>G]G	0.0052035049833357334	0.0002870492299553007	0.0004780708541782133	0.006153248093556613	0.001653266307504964	0.00576280475477688	0.0004071360921121965	0.00188142363795896
T[C>G]T	0.1898950364291668	0.017444411302368547	0.03182842290333349	0.1396448411643505	0.023451941427168804	0.00990434190063172	0.01126435790187362	0.006060950508251418
T[C>T]A	0.26624413645267486	0.008883159250727739	0.024500926017934112	0.0022956534279225393	0.023317465113958068	0.018927555629114464	0.05173806171535341	0.020961365093716714
T[C>T]C	0.05332049610465765	0.009567769132509663	0.033087796523352156	0.007022178098806402	0.026873069163586477	0.007137119099065844	0.022262379526517734	0.023948967052043867
T[C>T]G	0.02813494398444891	0.0006483881311634161	0.020018467394552788	0.005429415464623708	0.004319099668386642	0.007914075641214368	0.023076295012724585	0.040611496321856975
T[C>T]T	0.13593088376522064	0.016529280415679103	0.03788918124651539	0.009029048689645115	0.020480125985521562	0.014794689816431578	0.029390758926359624	0.01920497135751293
T[T>A]A	0.00033086518155560894	0.009199476961974668	0.017775443764752707	0.0060157234656944706	0.01434783502618292	0.006467175437732383	0.03210147489979863	0.01373449327785056
T[T>A]C	0.00018846688215489848	0.01240920546464622	0.004884692186039901	0.004290612884444494	0.006136268919450348	0.004865668154345257	0.007409872584148615	0.0038613732068479294
T[T>A]G	0.0002051135447275101	0.006128131970821414	0.004587885547429323	0.0044336376289138574	0.005511306248256006	0.007320205527197686	0.00400044334953418	0.004226435453456361
T[T>A]T	0.0001803203669994673	0.0208275256305933	0.011387274683438591	0.007771728678664665	0.01110185516194906	0.023425741536077113	0.01634701893449528	0.005338903710086015
T[T>C]A	0.00027860663385434345	0.010935343057761202	0.00984468830039259	0.005717561987402972	0.008691599174140141	0.007610249816680381	0.017170985599863343	0.00849297831580043
T[T>C]C	0.000616237349662697	0.0076126504369603935	0.007189430675585754	0.007457664461398963	0.004399686520751361	0.015048917220676337	0.01527481147472281	0.008877491304068827
T[T>C]G	0.0003591702647936472	0.005586043362971395	0.006374197764322162	0.003554499895050764	0.007021157516515814	0.005756913412391441	0.005431548060122144	0.005236115715350024
T[T>C]T	0.00043905070374603385	0.008668404379452113	0.01252321454428602	0.00650286314683035	0.014923532722052187	0.011488815870136022	0.013403428907622583	0.012983604913111776
T[T>G]A	0.00015859085919760218	0.004810160643435666	0.0046020163668436	0.006454027433006559	0.00792156504886225	0.0075889439737220525	0.005600181173908135	0.0018994975761764438
T[T>G]C	0.00010285109332827306	0.004297870839407551	0.0032141896475241082	0.003272815541109594	0.005253774549870286	0.007547675523208454	0.0037171024851122636	0.0031402189859363718
T[T>G]G	9.607212766013618e-05	0.008073303511133417	0.003453085103945341	0.008379537369013562	0.00780588853819063	0.012047113963402807	0.007430159723153338	0.004474996512421057
T[T>G]T	0.0005116656864993275	0.009754588936571964	0.00913830572081497	0.012866774118010653	0.015578487401537132	0.017361759905703367	0.01285661776777124	0.011120083618443459
