MutationType	SBS96A	SBS96B	SBS96C	SBS96D	SBS96E	SBS96F	SBS96G	SBS96H
A[C>A]A	1.52E-05	2.87E-04	3.71E-04	2.24E-04	4.13E-04	2.98E-04	3.51E-04	2.99E-04
A[C>A]C	8.04E-06	2.12E-04	2.37E-04	1.99E-04	2.97E-04	2.43E-04	2.54E-04	2.09E-04
A[C>A]G	5.40E-06	7.00E-05	7.55E-05	6.47E-05	7.56E-05	9.85E-05	9.14E-05	1.18E-04
A[C>A]T	9.14E-06	2.41E-04	2.52E-04	2.06E-04	3.14E-04	3.13E-04	2.63E-04	2.20E-04
A[C>G]A	1.22E-05	1.71E-04	2.13E-04	2.33E-04	2.99E-04	2.29E-04	2.42E-04	1.52E-04
A[C>G]C	7.46E-06	1.10E-04	1.12E-04	1.18E-04	1.30E-04	1.48E-04	1.35E-04	1.08E-04
A[C>G]G	3.94E-06	1.10E-04	8.77E-05	1.08E-04	9.30E-05	1.78E-04	9.30E-05	8.17E-05
A[C>G]T	1.30E-05	1.66E-04	2.22E-04	1.97E-04	2.62E-04	2.27E-04	1.98E-04	1.40E-04
A[C>T]A	1.60E-05	2.23E-04	3.12E-04	1.97E-04	3.42E-04	2.22E-04	2.80E-04	2.55E-04
A[C>T]C	1.17E-05	1.35E-04	1.55E-04	1.30E-04	1.86E-04	1.56E-04	1.63E-04	1.43E-04
A[C>T]G	3.63E-05	3.03E-04	1.07E-03	5.06E-04	5.08E-04	6.22E-04	1.04E-03	6.89E-04
A[C>T]T	1.32E-05	2.47E-04	2.80E-04	2.22E-04	3.16E-04	3.10E-04	2.08E-04	2.31E-04
A[T>A]A	9.65E-06	2.75E-04	1.96E-04	1.77E-04	2.94E-04	2.15E-04	3.40E-04	2.00E-04
A[T>A]C	9.17E-06	1.49E-04	1.52E-04	1.41E-04	1.85E-04	1.58E-04	1.83E-04	1.75E-04
A[T>A]G	7.71E-06	1.78E-04	1.65E-04	1.29E-04	2.29E-04	1.70E-04	2.30E-04	1.67E-04
A[T>A]T	9.37E-06	3.60E-04	3.97E-04	2.63E-04	3.73E-04	2.98E-04	4.68E-04	3.06E-04
A[T>C]A	1.14E-05	2.77E-04	2.72E-04	2.20E-04	3.15E-04	2.39E-04	3.24E-04	2.65E-04
A[T>C]C	6.72E-06	1.40E-04	1.33E-04	1.23E-04	1.49E-04	1.65E-04	1.41E-04	1.17E-04
A[T>C]G	1.07E-05	1.46E-04	1.70E-04	1.59E-04	2.07E-04	1.64E-04	1.86E-04	1.65E-04
A[T>C]T	1.04E-05	2.35E-04	2.58E-04	2.21E-04	3.24E-04	2.52E-04	2.80E-04	2.24E-04
A[T>G]A	5.58E-06	1.20E-04	1.48E-04	1.29E-04	1.80E-04	1.62E-04	1.87E-04	1.52E-04
A[T>G]C	5.83E-06	7.69E-05	7.51E-05	8.88E-05	1.16E-04	1.20E-04	1.33E-04	1.24E-04
A[T>G]G	4.79E-06	1.24E-04	1.43E-04	1.30E-04	1.65E-04	1.46E-04	1.29E-04	5.13E-05
A[T>G]T	3.62E-06	1.18E-04	1.50E-04	2.16E-04	2.77E-04	2.19E-04	1.95E-04	1.36E-04
C[C>A]A	1.09E-05	1.72E-04	2.16E-04	1.81E-04	2.46E-04	2.46E-04	2.69E-04	1.85E-04
C[C>A]C	1.02E-05	1.98E-04	2.53E-04	2.29E-04	3.09E-04	3.12E-04	3.04E-04	1.62E-04
C[C>A]G	4.78E-06	6.56E-05	6.16E-05	5.80E-05	6.74E-05	1.04E-04	8.20E-05	8.16E-05
C[C>A]T	1.13E-05	2.25E-04	2.90E-04	2.05E-04	3.42E-04	3.37E-04	2.61E-04	2.22E-04
C[C>G]A	1.29E-05	1.36E-04	2.01E-04	1.50E-04	1.84E-04	1.64E-04	1.33E-04	8.06E-05
C[C>G]C	7.89E-06	1.14E-04	1.57E-04	1.26E-04	1.58E-04	1.40E-04	1.35E-04	8.59E-05
C[C>G]G	5.20E-06	8.11E-05	7.80E-05	8.80E-05	8.24E-05	1.22E-04	8.58E-05	9.75E-05
C[C>G]T	1.49E-05	1.86E-04	2.43E-04	1.95E-04	2.50E-04	2.19E-04	1.83E-04	1.60E-04
C[C>T]A	2.35E-05	2.25E-04	2.88E-04	2.15E-04	2.95E-04	2.19E-04	2.69E-04	2.43E-04
C[C>T]C	1.37E-05	2.25E-04	2.52E-04	1.87E-04	2.87E-04	1.68E-04	2.36E-04	2.28E-04
C[C>T]G	2.52E-05	1.89E-04	6.54E-04	3.48E-04	3.73E-04	3.78E-04	6.14E-04	3.66E-04
C[C>T]T	1.82E-05	2.47E-04	2.83E-04	2.17E-04	3.28E-04	2.65E-04	2.61E-04	2.63E-04
C[T>A]A	6.30E-06	1.42E-04	1.29E-04	1.40E-04	2.05E-04	1.64E-04	2.27E-04	8.39E-05
C[T>A]C	6.77E-06	1.50E-04	1.56E-04	1.56E-04	2.02E-04	1.60E-04	2.20E-04	1.49E-04
C[T>A]G	6.55E-06	1.43E-04	1.48E-04	1.75E-04	2.03E-04	1.72E-04	2.07E-04	1.12E-04
C[T>A]T	4.89E-06	2.37E-04	2.38E-04	1.73E-04	2.83E-04	2.42E-04	1.88E-04	1.31E-04
C[T>C]A	5.57E-06	1.20E-04	1.48E-04	1.26E-04	1.48E-04	1.48E-04	1.64E-04	1.09E-04
C[T>C]C	7.74E-06	1.95E-04	1.98E-04	1.19E-04	2.29E-04	2.21E-04	1.84E-04	1.39E-04
C[T>C]G	9.50E-06	1.47E-04	1.64E-04	1.39E-04	2.09E-04	1.74E-04	2.00E-04	1.71E-04
C[T>C]T	9.00E-06	1.81E-04	2.32E-04	1.89E-04	2.64E-04	2.00E-04	2.09E-04	1.44E-04
C[T>G]A	1.40E-06	8.04E-05	8.63E-05	9.40E-05	1.13E-04	1.00E-04	9.07E-05	6.51E-05
C[T>G]C	4.58E-06	8.91E-05	9.75E-05	1.03E-04	1.37E-04	1.21E-04	1.15E-04	9.05E-05
C[T>G]G	7.94E-06	1.04E-04	1.51E-04	1.18E-04	1.40E-04	1.24E-04	1.14E-04	9.60E-05
C[T>G]T	4.25E-06	2.34E-04	2.51E-04	2.66E-04	4.21E-04	2.90E-04	2.85E-04	1.60E-04
G[C>A]A	1.21E-05	2.40E-04	3.16E-04	1.50E-04	2.50E-04	2.42E-04	2.48E-04	2.72E-04
G[C>A]C	8.45E-06	2.12E-04	2.08E-04	1.63E-04	2.61E-04	1.85E-04	2.25E-04	1.75E-04
G[C>A]G	4.35E-06	3.79E-05	6.55E-05	5.43E-05	6.81E-05	6.32E-05	6.74E-05	7.55E-05
G[C>A]T	8.99E-06	1.66E-04	2.15E-04	1.34E-04	2.14E-04	1.79E-04	1.65E-04	1.88E-04
G[C>G]A	7.98E-06	1.08E-04	1.11E-04	1.17E-04	1.51E-04	1.31E-04	1.42E-04	1.09E-04
G[C>G]C	6.83E-06	1.13E-04	1.10E-04	1.09E-04	1.46E-04	1.27E-04	1.43E-04	1.04E-04
G[C>G]G	4.70E-06	4.44E-05	4.02E-05	6.49E-05	6.75E-05	6.78E-05	4.14E-05	5.58E-05
G[C>G]T	1.15E-05	1.43E-04	1.69E-04	1.49E-04	1.88E-04	1.87E-04	1.81E-04	9.33E-05
G[C>T]A	1.57E-05	1.87E-04	2.42E-04	1.72E-04	2.53E-04	1.81E-04	2.33E-04	1.97E-04
G[C>T]C	1.35E-05	1.68E-04	2.04E-04	1.62E-04	2.46E-04	1.59E-04	2.11E-04	1.87E-04
G[C>T]G	2.43E-05	2.00E-04	6.64E-04	3.82E-04	3.38E-04	4.88E-04	6.55E-04	4.10E-04
G[C>T]T	1.44E-05	1.72E-04	1.99E-04	1.69E-04	2.25E-04	1.86E-04	2.01E-04	2.06E-04
G[T>A]A	4.92E-06	1.01E-04	9.10E-05	8.84E-05	1.13E-04	1.17E-04	1.16E-04	8.59E-05
G[T>A]C	5.62E-06	1.06E-04	1.06E-04	1.03E-04	1.37E-04	1.00E-04	1.27E-04	1.00E-04
G[T>A]G	6.32E-06	8.45E-05	1.01E-04	9.42E-05	1.24E-04	1.11E-04	1.32E-04	9.20E-05
G[T>A]T	4.42E-06	1.30E-04	1.50E-04	1.36E-04	1.69E-04	1.62E-04	1.58E-04	1.33E-04
G[T>C]A	7.35E-06	1.32E-04	1.49E-04	1.35E-04	1.93E-04	1.40E-04	1.89E-04	1.41E-04
G[T>C]C	6.06E-06	9.63E-05	1.06E-04	1.10E-04	1.35E-04	1.12E-04	1.23E-04	9.92E-05
G[T>C]G	6.85E-06	1.09E-04	1.33E-04	1.40E-04	1.66E-04	1.50E-04	1.56E-04	1.66E-04
G[T>C]T	7.22E-06	1.73E-04	1.86E-04	1.48E-04	2.13E-04	1.77E-04	2.17E-04	1.82E-04
G[T>G]A	4.55E-06	8.31E-05	7.68E-05	1.14E-04	1.57E-04	1.22E-04	1.09E-04	6.44E-05
G[T>G]C	4.03E-06	6.68E-05	6.82E-05	7.37E-05	8.83E-05	7.42E-05	5.61E-05	7.97E-05
G[T>G]G	1.01E-05	1.35E-04	1.43E-04	1.84E-04	2.23E-04	1.82E-04	1.86E-04	1.62E-04
G[T>G]T	5.28E-06	1.19E-04	1.18E-04	1.50E-04	1.97E-04	1.62E-04	1.47E-04	1.04E-04
T[C>A]A	4.04E-05	3.37E-04	3.75E-04	4.02E-04	4.24E-04	2.54E-04	3.69E-04	3.82E-04
T[C>A]C	2.36E-05	1.79E-04	2.03E-04	2.01E-04	2.37E-04	2.01E-04	2.02E-04	2.03E-04
T[C>A]G	9.85E-06	4.41E-05	8.15E-05	3.06E-05	7.52E-05	6.47E-05	8.56E-05	7.64E-05
T[C>A]T	3.28E-05	4.28E-04	5.62E-04	5.49E-04	5.80E-04	3.53E-04	4.89E-04	5.85E-04
T[C>G]A	1.03E-04	5.16E-04	8.28E-04	7.38E-04	8.47E-04	3.41E-04	4.28E-04	4.37E-04
T[C>G]C	4.84E-05	2.97E-04	4.28E-04	3.65E-04	4.07E-04	2.73E-04	2.41E-04	2.53E-04
T[C>G]G	1.73E-05	4.37E-05	6.79E-05	1.28E-04	1.19E-04	1.24E-04	5.55E-05	1.16E-04
T[C>G]T	1.22E-04	8.45E-04	1.29E-03	1.07E-03	1.12E-03	6.11E-04	6.00E-04	3.94E-04
T[C>T]A	1.45E-04	5.15E-04	1.06E-03	2.93E-04	9.49E-04	7.38E-04	1.07E-03	7.30E-04
T[C>T]C	6.18E-05	3.48E-04	5.84E-04	3.14E-04	6.88E-04	3.42E-04	6.24E-04	4.98E-04
T[C>T]G	4.32E-05	9.57E-05	5.91E-04	2.89E-04	2.59E-04	3.57E-04	5.86E-04	3.90E-04
T[C>T]T	9.37E-05	4.57E-04	7.01E-04	3.94E-04	7.92E-04	4.98E-04	7.50E-04	6.06E-04
T[T>A]A	1.07E-05	2.68E-04	3.95E-04	2.12E-04	3.53E-04	2.55E-04	4.12E-04	3.35E-04
T[T>A]C	5.11E-06	1.12E-04	1.35E-04	1.33E-04	1.77E-04	1.71E-04	1.98E-04	1.02E-04
T[T>A]G	4.68E-06	8.92E-05	9.93E-05	9.38E-05	1.13E-04	1.07E-04	1.07E-04	8.68E-05
T[T>A]T	7.20E-06	2.45E-04	2.55E-04	1.98E-04	2.62E-04	3.19E-04	3.09E-04	1.60E-04
T[T>C]A	6.87E-06	1.71E-04	1.77E-04	1.48E-04	1.92E-04	1.64E-04	2.32E-04	1.59E-04
T[T>C]C	9.78E-06	1.89E-04	2.15E-04	1.63E-04	1.92E-04	2.26E-04	2.38E-04	1.73E-04
T[T>C]G	5.89E-06	8.78E-05	1.11E-04	9.71E-05	1.31E-04	1.11E-04	1.17E-04	1.00E-04
T[T>C]T	8.18E-06	1.48E-04	1.89E-04	1.68E-04	2.36E-04	1.81E-04	2.06E-04	1.55E-04
T[T>G]A	4.27E-06	9.08E-05	1.06E-04	1.24E-04	1.49E-04	1.26E-04	1.28E-04	7.24E-05
T[T>G]C	3.76E-06	7.23E-05	8.44E-05	9.66E-05	1.06E-04	1.04E-04	9.71E-05	8.76E-05
T[T>G]G	4.36E-06	1.16E-04	1.22E-04	1.45E-04	1.71E-04	1.43E-04	1.73E-04	1.28E-04
T[T>G]T	7.77E-06	1.59E-04	2.01E-04	2.35E-04	2.77E-04	2.30E-04	2.23E-04	2.02E-04
